51
131
136
155
291
294
318
353
398
484
486
501
607
685
734
740
745
799
805
822
825
828
861
1053
1112
1126
1166
1172
1183
1203
1346
1395
1408
1461
1498
1502
1630
1664
1706
1728
1735
1746
1747
1757
1825
1838
1847
1855
1918
1935
2025
2044
2103
2138
2161
2233
2237
2286
2313
2323
2364
2374
2409
2422
2454
2514
2559
2560
2577
2581
2626
2652
2689
2709
2728
2792
2890
2893
2911
2919
2932
2965
2967
2981
3010
3013
3123
3162
3192
3208
3235
3246
3289
3368
3417
3501
3557
3564
3613
3673
3676
3784
3804
3966
4004
4218
4265
4274
4307
4321
4374
4409
4420
4434
4447
4471
4476
4478
4498
4500
4506
4544
4549
4551
4578
4606
4616
4664
4672
4681
4687
4706
4764
4781
4793
4799
4819
4821
4835
4855
4863
4873
4879
4889
4913
4945
4967
4980
5071
5113
5133
5141
5175
5204
5208
5228
5229
5236
5246
5286
5317
5353
5361
5400
5436
5481
5511
5612
5686
5701
5864
5867
5882
5890
5891
5894
5957
5962
5986
6112
6204
6211
6261
6275
6276
6346
6377
6432
6472
6540
6552
6591
6607
6649
6650
6656
6658
6665
6787
6790
6810
6812
6837
6859
6875
6881
6884
6898
6912
6917
6978
6982
6989
6992
7013
7014
7057
7102
7165
7172
7193
7209
7211
7222
7224
7229
7271
7278
7282
7298
7300
7328
7366
7411
7484
7571
7589
7628
7635
7646
7713
7721
7790
7797
7802
7922
7971
7972
8002
8016
8109
8196
8248
8254
8270
8276
8302
8347
8349
8356
8358
8372
8381
8476
8477
8478
8506
8554
8582
8610
8617
8628
8662
8665
8676
8775
8777
8822
8830
8840
8958
9036
9041
9082
9088
9124
9163
9206
9213
9226
9249
9262
9264
9300
9325
9409
9710
9742
9748
9759
9787
9940
9946
9969
10070
10130
10143
10152
5075
7311
1492
9246
8028
8666
2461
7759
6008
5072
3115
3419
2695
9032
1523
4104
3318
2640
3795
3535
4077
6237
9049
5070
7984
8717
1277
2343
5519
4306
8026
4128
9234
527
9786
6892
8683
5513
8277
2572
372
1257
3205
2299
770
7834
9884
4284
8551
8765
9253
1409
9155
8410
7133
8646
1891
10228
2497
9629
9161
3412
10268
5690
8968
577
4260
693
3743
4888
3400
3867
3461
1267
8696
5057
7194
9826
9438
2307
2035
6826
5870
123
5099
2066
3250
477
5758
4940
6865
10003
6149
3432
8901
4959
3758
3383
6718
6669
307
2736
1689
4942
3930
8660
5956
1852
3507
5199
6144
795
8371
8180
9622
1195
6766
3399
7424
8563
1136
3490
6647
1064
3054
3902
504
1607
635
10002
7305
5337
3415
6947
8661
684
3457
519
5202
3256
9553
7055
628
582
6360
6148
6578
9328
458
762
7364
3356
4048
9202
7201
8400
4807
3842
2162
4502
9229
2057
3165
3770
6860
164
4123
6259
7928
1295
4566
6057
8132
759
1493
1160
10170
6941
3262
3522
5344
4811
9137
236
4445
8691
3641
7931
1371
6470
7038
5549
6245
1101
8558
7978
7345
8620
9936
3946
8451
678
341
7436
9387
5410
499
3794
3481
3112
5445
6972
1291
8889
2539
7768
6158
468
2317
6771
8744
7949
7130
7239
1742
601
5305
352
1231
1134
652
4045
7279
562
9904
9605
7813
4253
7777
7513
475
5404
7448
5929
6702
4232
4039
8925
2001
758
1641
284
5233
7738
1644
6453
2273
1181
5772
4033
378
4669
187
303
5467
2419
1681
772
1237
575
2220
9987
710
6850
3242
7297
457
344
5792
3911
7884
8509
1639
7778
9980
5398
7498
9371
5196
9953
2077
7144
105
2746
1637
4771
8618
1318
5954
873
627
614
2813
9545
7343
1648
1223
4627
3859
4629
8415
5971
7264
3459
4890
3183
3346
6482
6306
9516
1453
3012
5509
657
5395
6413
6487
7863
8667
2267
5760
2727
7497
8137
8773
6792
3925
6864
3287
1661
469
9855
7329
6748
121
2302
5069
6743
4157
406
2111
692
1844
3091
2034
1305
2800
7942
1928
5120
1319
6644
2429
7096
7465
8057
2247
3947
6152
9574
6041
2336
8025
2992
8937
7837
3363
1373
6904
6513
9265
1999
5993
9310
48
3450
7314
2245
936
9577
1401
2399
7265
7893
6109
2257
2206
9377
8183
1265
5281
4155
390
8387
7230
7709
10034
4978
4573
5341
134
597
10044
5123
10299
9374
3148
385
5117
9238
902
8359
5111
2258
3806
2043
5869
6704
9425
8848
3170
8586
1813
2460
410
8288
7077
6446
7403
7626
8888
7708
6720
1670
2002
6962
8555
2630
1514
7142
5110
1255
2022
5720
9227
3149
9551
2175
2244
8244
517
4592
7254
5941
7746
4859
97
5852
8918
4229
9495
2069
4273
6292
1654
2026
9636
1992
549
8929
7683
414
8594
3887
6724
6222
3358
1494
10118
2465
8146
4663
9332
7033
3475
1102
343
4654
4226
1517
440
7519
997
9508
4753
859
561
5004
2358
2070
1996
7930
535
2462
8576
10202
2742
844
368
5258
10153
4518
10340
5227
8663
1040
5737
8564
9269
10103
7595
2375
3476
1083
95
1241
9680
10204
1019
994
6119
7528
9547
8499
3881
1826
491
5804
8653
4270
7022
2525
6730
465
7616
4541
2573
9240
3291
10184
1246
9145
8295
5047
1290
3430
3247
7330
4652
1012
5781
6000
2094
4062
6746
9242
1294
6742
5077
8718
2296
8096
7594
5314
6642
2404
3861
9102
6114
8927
7281
5825
5198
5821
4977
4206
3345
9297
815
10225
1986
9153
7933
59
8527
3092
6930
5931
1060
1797
5981
4883
3642
3768
6243
1271
1038
8834
8144
8403
5766
23
3919
1209
4073
1193
5734
4046
888
653
6415
10188
592
438
4181
1601
3518
2119
350
2265
5995
1143
1148
10205
1649
9403
4731
7024
7337
9151
7770
769
4187
8993
8386
3426
9152
4060
637
5168
6382
3769
9535
8345
9142
8240
584
4958
788
2608
8099
3888
1078
6403
7287
6201
3024
6191
264
6751
1666
9945
3113
1665
3961
1551
9134
10140
4185
6575
668
1559
5649
6477
2262
7912
3506
2571
4824
1536
2780
9231
8382
4591
493
1342
8934
7295
2387
8520
4512
1251
8587
8259
4118
7682
7368
3765
1474
7319
6177
5776
1252
8059
4809
94
1417
1441
8459
5780
6321
8035
10155
1144
1115
3298
7789
7963
1583
7688
44
4231
3063
1584
480
5763
2741
8707
3030
9620
7880
6300
7970
7036
9023
4006
6673
9483
4507
8300
9199
8120
7712
5790
4084
3166
5366
4686
9688
4070
10220
2989
7227
5284
1633
1250
677
1478
6099
9664
2952
5608
8131
7676
3718
2242
8006
77
7743
8905
3923
5364
5518
4881
7857
411
18
10088
5165
4986
8247
7158
6844
3850
371
7570
6707
6311
5412
1983
9518
1769
6999
4164
8181
3241
126
7741
7852
2359
1448
536
3161
4546
8600
1076
8405
7089
4100
7401
5073
8385
2031
8384
4898
2185
7275
5190
3066
9019
2340
6387
8391
6563
3357
481
3815
8931
437
1352
6141
3762
6290
7238
4311
8560
3264
673
7656
5724
7787
8709
8163
6220
1674
42
2587
5253
1916
9456
1512
1268
5874
7138
5796
3561
5154
8156
4598
7920
9150
7850
7827
6756
8407
9973
4177
809
8346
697
7131
6633
6968
1933
956
55
5817
4530
6224
8457
5103
7679
4994
485
234
576
4496
404
3055
8502
7918
1535
2311
2463
7097
9736
2575
2200
5430
3440
9496
10194
5225
8602
6162
8472
1434
8321
2735
8892
7125
4926
1650
5491
9268
7291
4310
9380
649
498
7861
1046
8936
2117
3361
7902
7242
1127
1235
5708
4642
1599
8235
9115
10247
3135
4130
1655
6143
4784
9094
5787
4920
6012
10203
5299
4923
6556
9625
4169
9452
5624
4560
9235
9386
4720
1256
6155
9583
4318
5652
4333
3131
9732
5777
1914
3776
926
8257
7286
1213
8268
5991
1656
1017
10227
5041
3773
9671
9294
4903
2209
3098
7684
5621
8184
9304
689
8900
3320
6254
7423
1610
617
4223
3133
2005
9103
8071
2052
3317
5769
1609
253
4666
7807
1418
10000
1711
7529
9381
4641
7870
6701
3359
2207
9990
3628
8878
2067
1449
6454
3649
5762
905
5393
8203
6251
6667
9122
6463
5119
6910
5710
3178
4050
9813
6135
6715
5262
7953
8595
8458
4568
5232
8938
8176
4575
5814
4721
1561
1302
4275
8737
5800
10119
409
6042
4916
279
8501
5711
7187
2811
3447
4803
8631
4600
9406
9960
455
2829
9993
4988
165
8597
3017
8215
5052
890
7357
4279
8758
1618
4280
4671
4639
476
1208
6975
8398
5919
10312
7539
4261
1355
3483
4603
79
9910
7067
8100
3508
9244
8140
1976
3198
3814
5757
5340
26
5160
3102
6547
7444
312
2037
4075
8030
6550
4997
790
4605
2276
9434
7952
9372
2236
1645
6728
9039
7605
9601
387
6218
9488
6973
738
3313
311
4145
9510
453
6210
1110
2214
580
169
8161
9236
992
356
771
4788
5043
4245
1220
3414
354
7322
4255
5860
794
8470
5347
3348
2650
6845
7404
8810
7487
4744
8138
7818
3879
9970
5195
415
1652
6584
9375
1074
10199
1631
9900
5771
1159
338
9455
7111
3034
5773
872
2042
9492
4995
1469
7823
5008
2691
8272
5377
9056
6235
8578
2139
2657
9271
1170
1758
3072
362
9865
1585
4777
6186
6774
5022
3747
1604
2060
2708
5978
6308
2300
2328
9092
4860
1616
4049
3999
2243
4794
5029
7447
4190
1569
204
3537
4208
5806
7333
325
10315
1444
9941
10216
6310
7064
10218
8867
9306
3863
20
1998
4535
5394
4557
6213
9053
744
8498
174
679
5706
2979
2160
1676
5288
3702
1591
8562
358
7681
3805
8279
4623
6285
9270
506
7293
2013
2272
7237
7830
3442
7352
4762
60
9080
1138
3364
5447
5010
6767
1982
9429
2278
9515
6178
9491
464
3491
1429
4052
2306
807
1895
8106
1636
610
8226
9369
3439
8007
2761
1254
5850
4276
2187
3767
5313
7031
530
1270
6130
8198
1157
2807
3347
8015
1533
5046
6118
8153
4832
9349
1851
4069
9405
10308
3844
8828
774
4144
986
5898
9067
1030
6105
9745
2828
1357
7554
324
3941
92
846
2112
5197
1603
7303
6887
6885
5413
9947
581
8271
5040
10351
2411
8280
591
10322
8704
8173
6320
2540
716
6336
8859
7285
10168
7325
1589
8133
1671
5915
4165
3531
6871
6498
10022
4041
9295
6548
9352
6621
8845
8669
7380
1791
5251
8612
10271
4760
742
3326
7007
8392
7979
4698
1301
6488
4658
5238
2012
3350
5161
5074
9539
4936
3373
1980
188
1944
833
9020
4339
6223
2056
9599
8561
3742
1229
4902
683
6090
4066
3933
9675
4449
5115
5948
5788
6641
8369
4161
4097
7108
1061
615
3858
5833
3436
8164
9659
513
1380
5330
5303
1586
3427
2687
1810
2027
8565
9042
1555
736
666
9514
3878
1920
6760
336
10156
641
4806
906
4646
6255
10327
2048
1388
7820
8868
9051
526
6280
585
8468
5280
8992
5345
3905
403
6919
1069
1093
5872
9276
133
6976
9645
10016
8395
10072
7848
622
1249
3136
2149
488
6484
5828
4061
9602
1288
6880
3338
9656
587
1662
3790
7704
7047
9014
10275
7774
3424
1473
7506
2972
2083
821
4071
8785
1106
2659
1097
9201
3580
9263
1687
4467
413
4178
9139
3445
3237
9476
1292
2816
4864
6176
7936
1457
5408
5974
2130
9562
10287
7557
9544
9273
942
3146
7825
1680
3002
10183
1522
9478
642
3057
4847
8267
9493
7702
6710
9334
6805
3591
7149
1571
6894
9204
9207
7710
4732
8130
2018
10207
9977
10163
7353
5836
5770
6402
8151
220
8170
3300
9011
952
5865
4159
9576
7451
948
3352
1651
2322
7700
5184
3423
8489
5697
5712
346
1516
156
7210
1446
7896
5646
5731
3222
7598
4982
9454
2144
2696
9747
3312
8827
2485
5851
4166
444
1010
8504
10033
2606
938
8760
6219
10105
1886
7810
2009
5482
1175
8713
7611
5271
8491
7877
2123
8703
656
5982
2969
3064
4011
8060
5807
8675
6404
4655
7520
4559
7693
2452
1113
5387
9044
7602
1233
7898
9252
893
4534
280
2591
4074
5715
8168
8039
1165
3284
6301
4993
1253
9660
7855
5455
2096
6383
9758
1803
6491
7191
7939
6097
5809
1672
7703
2192
3118
54
9339
1055
1907
2549
3542
5794
5756
4868
2819
7915
6369
1667
2610
289
5307
4112
9359
791
603
4127
6156
1977
8380
3924
8907
10131
4996
4186
7951
6405
9057
5156
3906
4082
5855
3252
4841
2330
7691
1575
1520
9223
3775
3236
8580
9597
1556
6205
321
2810
9017
1668
6234
10122
1937
766
6906
623
3046
8147
8974
6347
8231
5997
2135
6745
6646
1337
8494
5759
2292
1107
2758
7069
5721
3206
1565
7198
2133
4792
6450
8726
4775
4757
6056
806
4257
6214
8482
4217
10151
7106
7826
3451
507
3065
9147
1962
1340
5247
9719
4005
4735
308
4282
8208
5242
2058
1158
3043
3416
3753
3332
5327
4063
10083
8017
203
4107
3612
7900
9141
10294
5329
7705
6414
5158
4845
7166
6459
6372
1054
7892
2224
7280
9178
3458
2113
5304
3108
5219
296
3962
944
4785
9378
6939
6867
386
1908
5453
4456
10154
8393
6293
6882
8699
62
46
8296
4665
636
593
8904
8334
275
9652
4770
9466
8681
9473
8885
3126
1103
10296
1240
8495
6546
1885
8095
4553
2467
6340
10295
2319
4250
4044
7717
8227
6754
1579
2645
7555
4259
4293
7638
6798
2086
5290
7309
7522
5383
7706
9484
6270
5053
5209
7273
6993
8050
3342
2733
5381
8664
76
3565
838
8930
1673
1405
9524
5994
2363
9722
7856
7849
5149
10116
4601
9416
5338
5735
10171
6819
1710
5581
7644
5226
9101
5298
3480
5905
6750
7954
7044
8037
9384
1582
7473
4838
5109
230
6217
6640
9558
4037
6827
6980
8454
8532
5216
8729
4122
7914
8404
6543
3384
5147
5873
5348
5248
787
3181
2055
3528
1550
2392
3200
4520
1090
2170
5188
9209
1056
881
3870
7189
4659
2515
1199
5793
1635
5906
2030
10344
6964
5389
2045
8533
5914
9713
2648
4588
6330
7651
6986
2568
4707
7302
6723
5616
1184
5495
1009
6783
1719
3047
7714
8536
1440
2190
1043
7999
5076
10123
9069
7791
1029
9955
7540
801
1899
3730
3422
3329
10074
6828
1024
6672
8355
8692
2508
10052
4856
10084
3233
3006
1732
1067
9382
8365
3837
10298
5399
6146
4068
2252
2681
3323
5084
5992
254
137
3028
2654
7414
1306
4914
2812
74
2501
5380
707
8123
4080
1804
4866
5272
4014
3240
3056
9999
2017
3328
540
2536
3121
5499
6695
3073
5662
3922
1530
9917
4352
9464
7510
6735
4032
8883
5640
3998
5568
9065
2100
2984
7341
3604
2747
2202
3875
5009
5746
5884
3238
2270
6599
1013
5264
10112
1696
4896
813
6345
7236
9962
2797
1922
2023
3232
1913
7261
6368
9898
2090
5107
4984
6838
5685
10307
4626
6952
4504
8851
4683
9657
9159
8490
7565
6457
6780
5439
10306
10257
6199
5157
7257
489
831
5124
6458
10197
6452
4158
9540
848
1335
3576
9166
166
32
8331
1321
3994
10231
5924
5831
9435
2432
7563
6317
1274
2623
8418
6757
6817
8939
6734
6230
7725
1679
4151
3834
1210
1558
6238
3726
3560
4622
1442
6420
6448
7160
1596
7181
3689
4162
2693
733
4094
7924
9906
6055
7075
6565
9171
1713
6440
621
8333
5900
4880
2721
6829
1363
5036
1329
6376
3927
9527
5909
10132
2266
3229
10230
6549
586
6530
3045
6033
1425
3996
1007
8898
1693
6473
2421
7729
6079
2275
9357
6749
6502
6385
1487
9112
8124
4700
7
5656
10095
8069
5827
7568
1718
4361
3493
3020
8697
1141
1477
2653
5425
5912
6503
310
10270
5538
6078
7541
9869
10165
5297
6761
4381
6216
1016
189
2208
849
5908
6870
7383
5767
2445
4222
588
9728
6145
3692
2774
3325
8129
1542
3803
5531
4900
4182
7336
4314
10232
775
9782
6753
5379
6893
8003
3139
8421
9140
6593
122
5642
7410
5438
4008
1376
5045
5012
4324
6408
3751
2410
193
6564
4328
6868
7736
7711
8811
10164
4895
9021
9895
5923
2651
4109
5489
2215
703
2253
4047
3904
6131
5846
7317
4383
9099
3686
8999
6687
9873
96
6951
4872
1332
6092
8720
5222
8348
3180
2516
5670
7673
10177
2145
5135
5789
4106
4148
6378
3188
7969
7677
896
646
9351
431
10137
3546
4846
4147
7607
5571
1594
891
8326
3058
5911
5333
5798
9522
7384
4719
5295
5517
1021
6429
7757
10301
1272
5487
7990
5535
1414
4800
4316
4220
6806
2905
4012
6303
8624
6464
244
6209
8886
9739
10252
4709
4114
5207
5293
915
5673
2702
858
9727
7576
7545
2711
4965
6496
3728
10086
9462
3553
6808
3660
263
7913
7159
9364
3590
1201
4825
6010
5350
8182
7758
7543
7550
4078
3486
7439
3311
8538
9086
6229
8529
6278
8029
5638
6305
1122
705
3574
899
7671
6077
5378
6373
5100
252
6594
5744
2902
6357
4357
13
432
6494
5843
4027
4285
3549
1310
3860
9931
5011
6768
5514
1809
7586
5803
1716
6059
3027
1114
5938
2251
9106
5369
10038
1904
9075
1595
167
6765
5257
2821
10087
6116
1495
2619
3610
10309
2717
792
3611
6987
7399
4941
2776
6481
2513
417
2102
3827
1850
9274
7745
2658
10255
6125
1627
8966
1816
6661
6107
1553
5698
4765
2246
554
7546
812
2396
5102
10341
6231
6586
1777
1613
6313
3599
8923
2762
3688
1424
3334
4202
7562
3470
4508
5466
5018
7989
7792
2765
6332
106
9281
5097
8121
8743
6374
8442
9233
1057
7177
9919
4031
6409
2565
6167
5418
6505
5558
1568
5426
3271
1581
6508
8866
3421
1540
8077
4085
4024
1761
7203
5028
4930
8784
2707
1703
5301
6395
4295
9711
6126
1801
1537
53
1123
9064
5732
5842
6371
1163
5815
1259
5913
5619
9254
8066
8320
3813
3963
3443
9701
1334
367
8686
3830
3936
3597
5385
827
1326
7390
9347
4637
1116
247
4465
5801
2705
257
5716
4390
6083
6014
7098
6994
3497
4156
9890
1095
224
9210
10134
810
4337
1615
1154
451
6627
5675
5214
4323
3824
10017
9959
2590
6645
8488
6269
8920
1366
7548
6227
6474
4907
6738
125
3453
5663
884
1858
4893
5928
191
8352
8732
9221
5748
9617
1426
7083
5658
835
7836
731
5308
4289
5139
1821
9243
4200
7687
5885
6085
6610
5668
6486
286
8067
8323
8004
3818
6538
4298
1316
1450
6233
5497
1394
6678
900
589
879
5554
4175
4221
6228
4108
7332
2988
2385
6266
4885
7767
2000
6339
1490
10285
3413
6603
5155
6242
8861
10091
3592
6541
7808
4188
932
5904
4468
7728
1763
6412
1783
10173
6856
6100
7046
6689
1619
5279
7058
4099
190
8761
3571
8479
7419
3831
5897
9767
4043
6830
1780
2521
7441
4174
5382
3478
9909
6869
1739
5736
10129
7277
3503
2699
5469
6981
4213
2428
3276
3316
2712
6747
5952
4505
158
6909
6194
9912
9893
5625
5483
7707
4025
10021
6060
160
8020
9219
9684
8466
4776
1605
7235
8492
1472
6048
9035
9877
4215
3603
6736
5461
4952
1221
8915
9212
9712
1677
2679
1151
4038
4170
3624
6854
10333
6537
654
4435
7474
5622
4256
5543
6247
6009
3816
5678
969
713
4013
6589
7841
7385
2601
4000
4359
9647
7596
4411
6354
6410
4399
7344
2667
6052
7559
8550
8484
2028
5507
2647
4146
2176
3000
2360
2854
5323
3551
83
3899
245
1315
2512
887
3734
4197
5892
2046
8879
732
886
687
2505
7593
9735
4136
8042
7074
9277
222
439
1506
6478
6907
6935
4183
10334
9061
1188
1717
5750
3122
6741
7121
4290
1312
6527
69
1463
8783
1275
213
4294
922
5374
7178
250
3567
6560
10015
8242
4055
6113
5391
5105
2502
153
9951
10120
1325
2346
8836
8080
2996
6595
4589
9838
980
3048
4022
9033
2268
3920
8125
3060
1185
278
6582
984
4160
3355
9355
2390
7588
7831
1861
6523
2283
5605
1192
9673
3615
1397
6399
3951
8483
7776
3778
10179
9451
737
1023
1161
638
4871
2754
7331
198
701
8032
5516
6342
9578
8469
5508
730
9879
3851
4684
7629
5472
214
7795
2294
6861
7869
512
8954
3463
6752
6063
7623
5753
3309
10093
7326
5402
2443
330
86
6841
5545
4281
6698
4120
4404
8053
3094
7020
292
5610
6104
4970
5586
6379
8354
8322
443
9784
6878
2493
9489
3195
3563
2229
8877
9537
4238
4349
8448
2714
785
3127
6897
4171
4915
6253
7342
767
832
8798
5306
9881
9084
4143
9154
5406
681
824
9853
2370
8570
6918
3275
1059
6657
3988
3836
7115
6416
4058
9180
10284
2082
7296
7307
4009
7388
3796
4524
2335
349
7698
9543
4463
746
3218
1798
2455
2029
6411
382
4950
6943
6053
8510
7985
7535
3690
8853
115
4203
4716
2106
7832
2664
2280
619
2249
6895
3158
8503
9676
2936
5376
6129
4131
6268
8739
9336
6363
339
1125
5062
10099
880
8933
3278
8539
3700
4644
6602
6401
1068
168
9709
3616
8659
6517
9651
551
803
4423
8977
5446
1037
10356
7766
5275
3435
6316
7986
9933
1995
9370
959
9168
7204
7911
2186
6683
2993
1300
6948
7426
10160
6471
5260
5510
7935
1900
5739
5164
3095
7723
5442
5902
10181
3614
10345
8033
6175
7847
3147
2269
7582
58
8187
1129
33
6688
1085
1022
6049
7126
4180
7082
8245
5835
7749
8733
5534
8540
10281
1544
3820
7716
7088
4387
3823
7042
4198
1764
718
7481
7512
8842
6690
9850
10245
993
8188
5101
1242
10293
8048
1322
9927
2350
950
955
2576
7334
8475
8514
816
7009
6252
5095
2592
5151
4513
2944
4193
1289
3559
91
8611
6866
5585
4624
3659
8805
6922
7324
4596
3019
755
4364
5816
8485
5125
4329
7090
6786
8446
632
8493
9690
3989
1226
5529
3979
2371
3869
2354
4675
8000
1455
10201
4948
8913
5326
9188
4743
7477
8893
5707
5893
4308
149
6291
7697
7099
5546
4385
6863
7822
2809
9700
151
4989
8460
9964
2118
5357
1279
8899
10058
6953
2852
3607
9091
6696
6920
6862
6561
9239
6174
3296
3653
8413
3737
3620
3783
90
502
4142
6127
3935
8747
6299
2894
1214
3059
2783
1807
4010
2660
7805
2345
3082
7643
7715
9738
8433
7906
8394
1541
4287
6406
7365
4395
130
9769
898
4583
1705
5493
3464
2803
2451
8969
5318
180
2956
1686
10157
5886
853
10290
233
611
2420
528
7005
9165
2474
5421
3306
140
5699
10338
520
2407
6795
7992
3460
3731
3862
7604
2545
1258
8973
6469
4300
9419
9777
7639
5502
5245
3719
6583
9773
985
7662
4402
3018
9632
6671
3755
8818
1778
7630
6064
5819
10266
1519
735
1642
4985
5372
4196
3871
9280
6451
6389
3932
6084
2415
3137
2941
2051
10273
5903
1961
2917
9807
1823
4979
3283
2140
61
5367
3543
8971
2959
9867
5548
6923
2826
4034
9192
4848
2365
3279
7654
1849
748
4368
4173
10136
6820
5539
8199
1211
8607
1222
10217
2477
4519
4492
7373
8362
4656
1330
10243
8090
2858
5811
5457
3297
5177
7183
8787
10079
7182
9468
5717
4126
1715
8426
5270
9903
6719
1269
6643
3228
9852
5310
987
6712
7146
5556
863
7032
727
8716
2378
874
9564
2498
3369
3449
10077
6534
3220
3754
8839
5637
8258
5609
4538
7362
10053
7968
5526
8781
216
10282
4804
7608
9714
503
5365
9043
7463
4773
1402
2908
3821
6536
10274
5820
6039
3100
5602
4312
25
9350
8986
113
1751
9724
1697
5661
300
1871
3292
6393
1866
10145
5930
2949
2352
3215
1864
319
3825
8031
1283
4651
7988
9823
7076
1806
3787
4921
2481
2406
8569
2506
8978
1339
8085
5676
9136
2367
7509
1278
8516
6706
8330
6938
4353
102
3568
8687
1105
3109
7666
9389
8101
6101
7470
1182
232
7530
6946
3032
2871
5695
8795
5996
1368
2372
2437
5277
8799
10008
6147
4176
9948
2379
9924
761
6714
5050
290
4585
4910
10286
8179
7454
5423
1383
4430
9111
9692
9740
10147
7503
337
6351
365
5320
117
3270
6123
9494
2555
10288
9591
3515
2384
4350
4475
5440
8649
5569
1236
2618
5392
892
5450
8220
2110
3696
6315
9832
2427
8806
8730
5504
2595
10045
990
5881
5901
2321
973
9570
1470
4818
7964
6835
8537
2847
9311
1358
2402
12
4301
3087
3231
8864
2788
4209
10223
9177
9672
9725
10330
5490
9950
2439
9285
5822
8518
9107
8186
4389
9507
6476
4331
196
6588
5261
2578
2376
205
6615
602
5485
8010
8639
9230
2585
3857
3189
75
974
487
4304
1135
10263
8335
2303
8232
7722
1194
3589
6080
9078
9156
6094
9292
5416
8178
249
5465
3130
8869
996
270
10117
8054
9373
6791
9184
4392
3744
9589
9256
4216
6225
5312
8150
8246
4635
5589
5631
4857
9861
8766
957
5082
6279
41
5939
10069
2842
2607
7289
5679
8609
4734
6325
10150
752
9608
4899
9982
7035
6915
6023
9611
2916
5834
4703
7553
798
6485
6663
5315
10239
2915
3370
2820
2039
3809
7536
179
8219
9760
4042
39
1073
516
8960
8590
6579
7479
6515
6620
7259
6732
3319
9755
8948
7652
2942
557
6273
968
9894
4960
7070
6169
6965
1020
784
2661
7155
5572
9665
8169
82
283
4207
10354
9448
3638
6164
7464
7100
9756
6088
4407
2381
10158
2235
7012
11
1156
6327
6653
4356
2683
7068
6003
9613
6493
9504
8089
7248
6021
9360
6889
8412
9741
5424
4367
9251
8723
2718
8568
2637
8350
6239
3711
460
989
6436
8647
7532
3598
6635
3111
4135
8935
1001
2786
6651
8943
2874
6054
3441
2476
3514
2900
5358
1509
6024
10111
6699
4636
913
9560
10114
3401
10331
4526
4705
7955
4620
2822
2827
6684
10144
5949
6500
4305
5691
8792
3310
6890
6709
241
4400
664
4113
10094
7494
3570
4090
9882
1879
7051
5592
4347
1841
6151
6566
7017
667
8305
871
3832
7649
3349
2986
826
3789
1970
8076
4736
7538
3757
2891
3395
87
8311
8996
1263
5016
9820
8780
9683
2656
8829
3336
7140
129
4929
3141
4462
9693
2377
2433
9461
1351
6961
2397
2877
4515
8157
3314
7899
8083
7815
2038
8364
9499
4345
7050
2393
8103
9778
5468
9580
6297
3132
6288
4358
7141
4849
8740
10062
7223
8755
15
5007
8317
8274
243
4532
3900
8097
8685
5984
1124
4689
4537
6124
5587
7221
7093
6082
3771
8961
8651
8408
1443
1227
2435
5417
6093
1593
1932
5176
1614
850
2849
7685
9
2380
9533
10146
4843
6725
8604
918
1349
3876
6781
9160
52
6215
5458
68
6329
4831
9923
8756
9793
9825
6314
282
8571
4647
6173
5037
7533
7460
8366
3021
10161
5823
104
1139
2857
88
2878
9260
3666
1004
9831
9318
3807
9217
7606
2282
6721
5454
9220
6504
604
967
6035
4861
65
9768
9914
2870
768
7216
6797
9063
5998
6762
2074
6115
3725
8307
6716
7483
5049
6407
10195
8383
927
651
276
2529
1881
10025
10098
6046
9138
1423
10265
4878
5433
240
5812
9717
700
6497
1480
1452
7197
7909
7117
7049
9790
8947
5651
1354
958
4531
3257
8160
4509
1324
2662
5960
5667
9592
1727
2851
6618
9424
1212
9697
9421
8895
9538
10233
3197
8910
7225
9027
7895
9824
1000
4286
2923
5857
7094
9224
5899
8721
2960
3390
4124
10133
5632
3533
802
70
9836
2840
8517
6282
8791
8896
3304
85
9312
1702
2841
3779
976
3114
10085
8957
6418
991
6778
4869
6428
9436
9232
9781
5933
5042
4632
4951
9785
10175
9989
9619
8177
10068
2964
3099
4360
7085
9399
8524
2254
3992
3556
3227
5441
2416
1216
64
2413
5848
6066
4179
3985
1860
9307
1096
3986
7661
3051
2698
7084
6203
4922
10066
448
4525
7514
2781
8817
2985
9415
7478
4433
293
3509
9653
3301
7391
3150
7660
5428
1284
3119
596
5061
6729
9799
3763
8779
9764
3173
9432
7516
248
1964
6998
6419
1381
5268
63
6617
8162
8275
2940
7053
8616
2255
8480
6198
5674
9130
5559
8650
2293
5427
8870
7449
4291
1341
511
9828
3295
9776
9615
9770
10073
660
709
50
729
5575
7104
8327
3042
2556
7247
6061
3274
6086
9470
8185
6632
6800
9821
9988
331
4545
3552
4964
8158
4322
7549
9985
6705
10011
5254
6574
3061
7650
6200
7962
329
4351
9302
6525
110
6324
2239
10101
9164
9817
5066
3819
5051
4327
9170
2904
3286
8325
2726
2680
8627
2716
1694
4325
998
2912
5096
960
9442
8357
2962
2405
4153
2320
183
5650
3085
10236
10337
8339
966
4957
4649
5561
8092
5079
8228
3658
4482
7573
3260
4911
2740
9315
9926
4932
8431
9176
494
5131
8353
2961
8009
5401
928
7087
9815
5925
2770
4425
9886
5515
9858
1150
3898
3636
2860
5206
3465
4344
2444
5681
1218
5951
4543
2675
5584
5552
5173
1003
1396
9729
9876
255
2196
2156
7145
8316
2983
7213
9241
30
5496
2875
3153
2533
4410
2517
6439
100
4001
3854
8445
897
28
3967
3187
3984
4453
2425
6876
7156
1100
4540
5603
8419
4577
9248
9029
6512
6506
2831
7214
1539
2414
6444
1750
3698
2767
9806
3101
5031
5607
8648
9009
1297
9052
5078
8589
2896
7143
2389
8230
8546
10279
5630
1153
8902
3868
9286
8154
10061
3555
3977
1348
7116
6456
5282
3203
8725
4015
796
5703
2522
2438
2287
6071
9288
112
10039
5132
4332
5525
7690
5617
9934
1234
1299
6179
5540
2895
3721
2548
2899
4891
7228
5868
9446
2655
1867
3916
4371
3023
2551
6991
6172
1865
2491
3134
10314
8024
2861
6974
7360
4292
8221
6509
10081
5544
866
9563
970
538
4172
1399
2957
2436
4963
49
5810
9797
3273
6323
6629
5104
6526
719
9287
7523
2518
4377
9952
3485
691
8980
1889
8521
4459
3569
5944
6759
3080
1882
9846
9805
6959
8310
4326
9944
9730
6501
6670
6532
2382
10048
9621
2743
145
7288
3829
3618
2049
3681
1843
10001
3965
3406
9074
2731
8238
5250
3038
9567
84
3138
3712
10237
3745
9237
4026
6171
3680
3664
9840
5940
4517
9972
3145
161
6988
2785
4976
7200
7192
6510
5979
9794
9723
5086
7127
725
5500
7486
1868
9590
5048
2431
5943
5889
3067
9702
6020
5861
1629
3176
10064
964
4679
9913
9437
2639
8625
5470
9822
7080
5437
3617
8752
10200
4925
6529
7128
3972
4810
2966
124
10209
1410
6914
9428
3703
9774
3609
8281
1690
9685
4057
6944
8155
3429
3562
3129
10176
8368
9469
5639
3529
3970
753
854
2753
6739
66
5505
6970
7551
1659
2834
7091
9259
3619
9812
218
3752
3504
6567
9808
6916
1700
6072
2136
6022
7308
5841
7188
8719
917
7761
6967
4373
334
6027
8679
3539
6111
2424
5620
7274
3496
3741
8423
10090
8678
4602
8819
7002
5085
4633
9283
10323
8750
3530
5014
6337
1132
7196
9695
4288
9305
9309
6139
5058
2999
9804
5081
9071
3955
2398
4904
3372
9579
8945
8515
1367
7511
6120
2342
829
5564
3541
1187
10313
399
7190
4791
7135
9612
1384
4796
8816
834
6304
4795
5553
3685
8975
5590
1695
4974
3669
4725
3656
3621
3874
2530
221
2791
1834
6963
7508
7327
9976
5088
6638
8027
1552
2535
5192
8367
7658
2694
5130
7694
5563
9809
10291
2325
7655
5636
1812
7171
8084
3294
2586
3708
8093
4613
8596
5634
6190
3914
6857
7500
1307
1730
9322
5532
2152
8942
5580
9413
5947
2494
9859
72
27
9949
1873
1917
6631
8513
5853
9789
8229
71
10249
7139
698
3973
3683
7446
4783
9609
2678
9284
9321
7998
2671
6737
9059
8375
10055
215
4501
9513
7268
1966
7226
4839
6639
10050
3086
10180
1724
1877
1164
103
24
6969
4638
3290
8018
297
728
1504
8308
7112
9022
405
5641
1698
7168
5005
4386
9956
1117
9317
9642
6132
983
4379
6815
3156
8117
8013
1356
5167
5983
5965
5091
5687
2866
9731
7526
9546
1503
2490
1191
9179
9503
4714
8145
5935
5964
4429
5946
8429
8809
5633
4466
9354
3667
5599
9803
8640
6095
5451
10191
7730
8312
7132
6911
3340
9181
201
6576
9918
3956
4338
2968
10214
8998
7246
9379
9942
10178
9614
2315
9015
8225
4912
3969
3511
4268
2291
3234
1726
2750
7019
162
5090
5875
333
6996
7590
5449
8626
3826
2697
9443
3488
3392
6208
8118
2757
1898
5664
3104
9668
8706
7387
3687
5252
7207
5063
3191
3037
1921
1862
3513
962
4455
8802
10141
8249
9279
9392
2751
5506
235
6597
9654
6997
3661
6664
2782
6170
4189
8021
7577
9994
9481
720
6036
9630
1121
370
8637
9796
1387
8774
269
6533
1343
3125
3239
4017
2670
6150
5274
5056
7997
3852
9296
2873
3554
1911
2729
1814
10067
9157
9025
2191
10138
3207
4092
1824
3635
2865
2889
1811
7151
5473
4987
9829
3185
2880
3699
9505
7641
9978
4195
2856
3674
4630
9849
4850
8598
1327
7348
7430
209
5150
6625
8523
6142
2073
4299
3041
2859
1377
9174
1905
9810
10071
9833
8512
9047
9314
3106
8461
8127
4116
8573
2887
4828
8584
3886
4812
5464
2599
3044
7833
6682
2531
6851
8113
8772
9801
9298
10248
2544
5448
2495
317
1833
7495
2763
7079
6727
2047
9835
3714
8363
6427
9104
6535
9795
8191
3425
2924
9935
9087
1002
4056
4319
9109
4491
197
6779
6971
6659
3964
6590
10076
8336
3884
2756
9028
2368
3093
5039
2499
4473
4370
3647
5065
1792
7669
1092
5968
8078
857
3671
851
5594
10269
1086
8544
7371
3843
8677
9783
9214
4184
2958
2715
6442
4808
8985
9780
9474
6065
8714
7645
3007
2914
8192
217
2602
5832
8152
141
9916
8207
1317
7351
3172
949
7462
3891
8190
8745
118
78
29
9190
8505
9289
4947
9878
5985
7260
9593
9839
6044
7461
4091
73
7518
2217
3305
5654
10261
757
5002
1359
5583
4134
10278
5355
7492
7312
7063
5677
9467
9716
2594
9779
2898
2845
8804
5550
1179
8964
5080
195
8436
3672
2862
3078
912
3864
1496
1692
9921
8342
9997
3704
3179
4610
7129
7041
975
4369
7217
2883
9743
298
7578
4432
2722
4460
8549
7174
3600
8897
3877
454
8881
2835
717
3729
7267
5702
6026
2281
4406
89
421
9557
9108
9885
3975
5484
10246
2778
2553
3974
7316
1385
3655
2072
238
1625
5666
4376
3839
3749
2164
3035
5134
8581
5659
4470
9718
2943
2580
6784
4851
2349
2832
3089
8149
3540
10211
5917
541
200
8507
6562
8189
537
1788
3143
10113
4309
5596
9594
5300
3958
658
3534
3088
8788
8623
2876
534
142
5582
3142
3510
5907
9340
7433
724
3939
7078
4366
9565
10221
10126
5975
1347
6622
5137
2748
3944
8061
1412
7253
3587
418
9633
7482
3403
5682
3993
3075
977
1128
2951
7118
3622
9366
3107
380
4315
9555
9471
5494
8079
510
8370
226
9616
5826
6776
5325
2547
10329
6122
2838
1660
4267
4388
6032
8557
7092
2825
8449
4728
8841
2569
3253
4908
1390
3991
6524
9463
181
754
9100
9847
7167
1658
9331
9433
999
6062
2534
9569
2616
1118
9316
4801
4820
8671
6040
207
9247
674
5742
8693
8250
2091
9275
5172
5536
3883
5492
7585
3978
9024
2864
6197
8088
5593
723
416
6028
2584
4479
4330
2927
9888
8205
5565
9465
2344
3954
864
5961
10149
326
8856
8873
5087
3785
8956
3917
7982
4427
9278
8705
4645
2888
9062
3675
9525
2183
8552
6680
9775
9356
7440
5181
3204
1876
8200
9887
1119
1454
3288
6520
10292
9342
2107
3968
2950
2796
2015
865
6846
6758
8903
5657
5093
6087
2977
2672
4036
1919
150
9788
2901
9407
5397
8535
3938
7052
5415
9439
176
9995
8603
2417
5059
2938
2913
6675
392
5064
8135
3040
4813
3303
9187
7485
10241
1370
1740
4972
5334
10213
9529
2723
8754
10059
2605
3259
2773
7466
2987
4823
4240
8984
4939
1829
7206
1088
4975
1361
3644
941
8450
8844
9376
2076
8643
2925
397
4631
401
7056
1375
4608
9704
8629
5128
8049
1902
4817
1413
6076
4412
2134
8949
4697
9556
8417
9837
8634
5475
8690
8262
116
9072
2643
7015
9922
3263
2627
2285
9843
8453
2546
7335
3727
8991
749
10193
804
5471
5488
3945
265
8122
9848
6848
2154
2295
3090
9502
3665
9431
947
5551
5606
5560
3639
2297
377
9542
3144
6843
6834
7490
2351
8406
4779
836
483
8601
3657
7402
5360
9323
5838
4640
5017
9313
2853
3484
995
10009
108
2872
4441
7995
5429
7347
3201
7475
428
2935
3774
5604
5557
3154
7457
3817
7073
2953
3716
4853
2570
6073
268
1736
9172
7987
10336
686
5963
3225
2092
1379
3602
5936
5555
3865
3940
7185
7459
5163
4018
3532
1969
8528
9426
5169
3175
5145
4469
8722
5754
5498
8360
6823
8688
1323
3402
8052
5533
7310
2617
4618
1407
6031
452
3071
8757
1974
80
2975
2881
2886
7434
7552
3265
3405
2620
4342
364
2157
4688
7378
8894
7394
9410
776
2566
1731
9167
4691
5537
5462
2274
7397
3781
2824
7163
402
4234
6888
2448
10169
479
2624
2053
5456
2931
4438
8304
2137
2554
7489
7874
6883
939
6954
4604
2567
6879
2339
9798
5480
4614
3324
1298
3169
7367
6545
5221
5614
8197
9282
57
1691
4088
2934
7266
7137
3953
7542
1883
6833
7476
8759
2638
1365
8764
9531
8376
4927
2603
9158
9175
10196
1845
6855
9772
545
1202
1743
3331
978
1467
9408
7429
251
154
6770
3982
2991
4419
1439
423
7843
7435
394
544
4617
2312
1081
5474
7727
9090
7354
9010
6825
8072
4422
2129
7220
1931
4969
9667
8082
208
6966
7006
9705
4924
6433
2128
9303
5411
843
7456
6384
2019
1336
663
6905
2084
2108
1416
2615
7491
7392
2308
6977
7370
1131
2933
177
8062
8473
5316
4378
4483
3918
8293
4611
2226
518
4340
8377
9998
7218
31
4382
2434
2955
7674
1570
10208
7445
1372
4798
7018
4224
6580
1748
1774
8680
8046
2353
1943
6821
8111
845
9559
4565
3272
9046
8654
4452
7376
2163
8846
3268
6983
2450
8256
7993
1248
1773
4894
4443
2669
1296
7398
6244
5916
820
8511
6652
1745
6168
8315
8736
4580
7919
4882
5987
675
8291
8789
1266
9169
146
1737
5921
4439
1566
5215
7008
8689
1923
4607
6361
633
823
3866
8234
6519
8462
2219
1580
2331
5244
7161
1789
6945
1415
1830
7624
7842
862
1437
817
6274
459
4335
8409
7199
8863
8428
5896
7361
132
35
1353
2193
1526
9079
8019
4415
8823
1775
4396
2126
6818
5368
5460
1386
1768
8652
7396
1511
4528
16
715
5444
8294
1557
842
903
8201
5856
7416
7467
2127
4962
1378
1965
1938
5854
3799
2146
7956
8670
8771
7469
8087
841
5213
5414
2153
3895
5211
860
6903
4981
8001
4593
2172
8463
1762
1320
8525
4615
818
6942
6681
4590
2240
2598
4875
7653
6193
5243
8731
6611
4582
839
4862
6166
2180
7428
7425
6814
1513
875
919
7427
1749
2612
8838
4451
6630
4854
8126
2318
8800
4696
5866
1794
6874
4346
4990
5967
1793
8065
4619
1971
1451
1837
1741
7692
8847
1796
2487
676
5407
10
4397
4440
4401
7883
9205
5038
3772
6128
6623
5409
490
1770
2205
650
8474
1563
4398
6358
3896
8260
4867
6569
8711
1309
4393
5432
1948
1466
7923
4745
5478
2486
5895
9644
7205
1958
1827
877
8526
883
4870
1374
2199
7806
7382
8833
7195
6355
2848
7785
8487
9193
8045
3015
8738
5342
3915
242
1950
3579
5989
508
3801
8835
4372
2383
4413
8548
6277
7432
8425
5887
393
2631
8427
5671
