8392
2057
4438
5780
8594
6446
9269
10275
8810
6647
3348
5229
3368
3457
7971
7683
1424
3347
5103
9910
636
1254
2224
2979
3423
8936
2176
7322
9094
1017
3796
7736
4075
902
10220
8394
4445
1251
5099
10287
6865
5075
1680
7352
4518
20
1502
5111
6826
3442
1514
1652
5057
5113
6339
9310
4941
6642
8595
6756
557
654
8773
6330
7333
7605
2335
8393
9535
6251
7089
2237
1630
7951
8913
5467
7638
8569
390
2336
9207
1252
3508
3947
5227
4541
9855
8509
1816
9271
9953
1237
8039
7555
3357
1559
504
7254
893
4061
6084
8929
372
1585
59
4641
6310
9577
2066
3419
653
1181
5190
4923
5549
4535
1551
3522
6552
2070
844
1667
2253
8709
8977
6301
7714
859
2214
6656
282
1449
6290
7343
5389
1650
7286
5286
2043
530
367
6739
1250
7055
7325
585
10074
5708
769
5816
6464
587
4261
3518
4413
5395
6471
9488
481
5398
535
1758
1166
1290
7297
6860
7281
8491
936
7131
684
5022
1102
3507
4044
1429
7353
5072
7777
602
637
3932
7319
7978
617
3837
10088
6463
3170
8555
337
673
551
5800
2811
4164
2175
9625
4520
6704
7700
3317
2083
6909
2276
2243
641
3264
905
5806
4957
1519
8664
6547
6918
4231
4310
3165
3412
7424
1916
9452
5763
1357
9999
2743
4507
455
651
5852
8539
3458
8925
1651
1584
2816
352
2030
3863
9223
8506
6415
8739
2358
4498
3851
1561
7913
1649
5236
9011
6962
8007
2052
7870
6472
126
9262
6033
3628
3342
7797
582
1844
4070
9294
303
3702
4048
9052
3789
6306
6402
1986
5770
2549
8067
5901
4883
465
9553
5721
9576
1928
3858
1662
6336
204
2069
1933
8517
1009
1648
1569
8659
10123
6237
9014
9382
3363
4229
3349
7337
8385
8618
9483
1645
9574
2965
3933
9489
7149
9035
3054
3795
3850
604
1226
5753
3771
10016
3338
3183
8937
584
9268
9516
2828
2824
2128
8386
1995
5401
519
3490
4123
5710
6920
7795
410
8931
6915
1668
2363
1644
7497
8568
10154
3768
3551
2340
371
2330
6308
9051
3102
4060
8387
9451
6470
9455
6216
5868
906
9522
2111
9456
3291
8196
668
5202
2317
9645
1295
8848
5110
9240
9454
5345
3430
5447
6644
5330
2192
952
1136
3767
480
1451
387
1671
1425
8691
2206
4099
8024
411
1681
8179
1504
2035
9010
526
6904
642
649
6277
9295
5828
5869
8866
2993
307
3902
9659
1522
464
1253
8665
5546
1851
9796
6214
815
6484
7481
5711
5369
3352
6217
7305
8845
2300
8025
4639
6387
2119
1288
6641
2028
5184
4050
1478
8504
8502
2875
575
8259
3332
6629
9652
6261
3805
8033
7849
5603
715
9476
6701
1589
2242
2465
2810
7513
9381
1240
10270
4721
10071
8620
6211
3426
1450
370
8451
4097
6243
7918
1199
1053
8578
291
7329
2708
3218
9246
9970
4383
198
927
10103
10052
1517
7841
5777
1302
1284
4942
8151
10312
2039
7770
4090
646
3758
7465
4513
1249
8600
9359
5053
9201
710
5519
3126
62
5197
2410
6905
1373
8938
2443
9861
10288
278
2255
5789
683
8856
8037
554
6584
679
1334
5952
3923
10120
6039
3936
622
330
10266
9138
5993
3927
1029
2219
9790
6020
10000
6439
2696
4104
4253
136
5691
286
4902
8689
6042
4045
5792
5543
7952
1944
8562
8956
9377
493
3313
5509
1581
593
4799
4603
6498
4803
9199
5771
2246
8345
7295
3773
9213
2866
6922
9254
4178
6563
1013
1380
5198
2013
6640
2590
3355
6285
8124
4824
8930
10203
10299
1553
1030
4346
3656
8918
4063
8380
7757
7436
3834
6413
3314
5762
1227
3574
5130
1259
1607
10334
7519
3429
9927
10282
860
5887
7022
1417
44
6597
7942
1575
842
4177
9997
6575
4735
2606
5930
6774
8707
9544
4773
476
9380
6114
431
3481
9334
3424
9242
1583
9043
2067
9276
6488
2322
2027
10151
3513
5905
1038
3383
1686
3057
3058
79
1582
2112
4181
4371
5906
10034
3814
9355
4611
9273
9424
6953
1457
8013
8006
1022
8359
4777
1586
4575
7069
3148
1138
8400
6698
7523
1134
6946
2365
6389
9492
9109
1256
10011
2895
276
3742
4760
8208
3478
4864
8587
7774
8274
7652
243
3055
8296
9306
1914
3359
6148
9157
9374
8017
2117
6734
841
2792
344
8867
4936
8744
2344
5731
7953
9942
404
7715
5754
7142
5347
2051
4910
5817
3067
1289
8366
6894
5151
10045
3392
4903
4198
3783
3711
3813
1473
9745
9080
6923
311
9890
5804
7046
4026
4412
1552
4071
1143
5807
1763
4449
4847
9748
4776
6155
1868
2742
4502
7768
5457
9865
7324
7430
3842
2325
4325
6665
103
9020
13
879
8730
2139
8523
1352
3098
9134
7810
6412
9493
9435
4361
8026
8717
5481
8713
8878
6414
8257
6907
6841
7125
9084
4112
8752
7791
2045
5338
4719
992
4073
3953
5491
8758
1085
9656
4978
1020
8140
2145
4397
5002
1073
8560
5850
54
4501
9219
8805
9350
3063
8927
719
3109
9325
1829
6815
3432
4118
832
839
1679
2599
4052
3824
5037
628
4032
886
9285
7064
8407
8335
6971
8535
8777
611
7979
1257
3312
4190
338
10101
9944
318
6987
4602
9304
8948
5676
1811
938
3065
3427
6300
7745
4537
4880
2996
770
4208
3283
8272
2278
3642
5272
5300
6313
341
8348
8888
1526
6450
10072
7930
1172
5867
3318
1677
7766
4240
4916
4664
39
5439
2376
3242
2826
8589
4951
3073
5418
6505
6293
3364
9286
4885
718
3443
8582
4989
10286
7342
8985
4338
8623
3899
3659
7419
432
8215
1539
142
3372
2783
6210
9470
4604
7273
7344
382
312
8475
9688
1201
8907
8799
2118
6194
6292
2209
6752
4353
224
41
7296
9798
1213
4257
2758
9495
6720
8992
2452
5954
9263
4642
950
3565
9941
3451
2822
48
5495
6458
821
4432
5458
4217
4409
5456
7565
8795
5284
4092
8703
7911
10025
8771
6223
1568
5801
833
9224
875
1156
1565
2576
443
9432
801
2474
3955
2312
8248
3644
872
413
9545
1021
5383
3414
10156
3436
8433
4940
4775
3032
1660
6881
9496
6373
736
3192
6278
1100
824
2601
2293
5312
3350
995
8042
5605
7171
8010
5712
973
3749
3000
9580
9481
6235
4627
9946
5961
7729
6416
5564
3002
2494
5353
9243
3020
257
1672
4744
4352
7611
350
8732
6066
8829
5649
3624
7954
8483
7962
2302
2555
1267
5314
8704
4519
10165
4159
8885
3787
1655
956
9982
1690
1666
7514
414
8182
9810
8016
4800
3447
942
5317
8219
3999
2573
3231
8446
2546
1440
944
2431
10118
5326
9141
5736
5916
5508
601
9434
5625
5254
6992
6076
1184
6993
1676
1511
2172
2943
8275
6477
7602
4683
1453
5673
4476
828
9042
7
9647
2123
5124
8823
6874
7899
2776
4339
214
795
5790
3238
1116
3685
10129
6270
5569
5064
9557
7398
6589
1248
734
9747
8203
5607
6517
3346
2540
2187
8123
9204
6156
1480
7802
10296
6889
883
8833
813
4197
9826
9259
6586
2890
1728
2835
990
3860
5539
9972
10188
1211
9644
7006
8395
1826
3820
4871
2001
7711
6408
692
2481
1212
4022
10084
7623
1046
7935
3784
4851
8991
8978
4292
1703
5058
10177
9069
5442
6754
6245
2220
4580
9062
2857
7444
9032
6253
9579
9312
2698
248
8489
4855
9106
9142
2413
1523
5965
3271
6951
3044
4491
2153
2281
5514
7848
9468
5989
7307
748
8342
727
10208
5925
7024
1381
761
6876
5856
1885
9484
3484
3958
806
5971
296
615
6625
6527
2229
9741
2275
1113
1796
2707
2767
1604
2602
1208
7570
3237
1641
2655
9684
5699
4492
4959
8892
2191
9608
4400
2199
7085
7492
4794
8563
5617
3497
448
6142
9976
3094
6513
75
2160
252
6520
2911
8418
5069
1601
1127
5461
9057
10146
4031
4659
1823
5188
1980
3862
4922
3778
10209
8722
7909
7969
4387
9636
10147
597
188
4860
1379
5737
2547
8244
6145
5772
3528
5313
896
6618
3944
1635
3018
8597
1270
586
4289
8873
6549
9994
1827
8629
5411
5423
2902
1218
5671
9680
1002
9567
2299
9277
6324
8617
9558
7532
1233
3721
5177
4306
6710
3415
732
1762
4350
1477
7717
9303
788
9940
2598
5012
5902
3104
7491
4762
6635
6835
1242
4745
6469
4157
8761
8789
6049
6404
6650
1742
6687
3533
9716
9036
7982
6765
4679
3665
7643
10131
6576
7914
4637
3982
1472
7833
10261
6144
9653
7106
8675
8260
5568
4812
6970
3356
5895
730
1879
6363
4158
881
1487
2661
5228
324
5788
638
1183
8333
8153
498
6405
8030
8197
5290
9275
5391
8757
4873
1452
4037
5050
4629
7449
9322
3641
8901
4187
681
7818
4046
4127
10015
2034
3441
5134
7545
6218
4589
10090
9087
4080
5426
4226
903
1961
3197
4622
3660
2913
2022
8643
5951
15
2904
8492
7416
6219
1365
9321
8436
9369
8883
3173
8330
9364
10183
6610
3246
55
5091
1974
5650
5460
49
7679
2467
8178
1347
9729
9539
7210
4100
3043
3666
7067
2058
4395
9415
3198
7058
6564
5815
7151
6299
8973
4753
10257
5424
8367
1966
6965
2630
1825
6337
4398
362
3961
10202
1537
6124
78
6760
1057
8840
1618
8406
6127
8487
5917
9027
9478
6255
1353
5280
9212
6631
8049
8331
8720
1231
7598
6382
10344
4160
9264
3696
5760
2575
6866
8412
6371
131
9009
4357
5819
6741
2389
10225
8138
5949
6123
5466
9743
7919
5243
742
2082
864
8127
156
6176
6942
5612
2985
2924
816
3667
3154
4531
5368
4238
5181
5206
8191
1838
2461
3142
7181
8398
5350
1114
9642
8692
6191
74
1636
4881
580
8507
9389
8463
1998
6593
1670
7259
292
740
1642
6814
4869
3175
5599
6875
9809
2534
1125
4638
141
5056
3060
4890
10176
8949
3940
1830
10231
9101
5242
9416
280
5414
5715
3289
3256
7390
5298
4867
2323
2645
8227
2505
975
3459
4615
8072
2667
28
8750
5299
3241
7716
5282
5252
12
5045
8868
7725
5661
9597
5168
30
4534
1938
9795
7167
9023
4401
3753
9249
6627
1555
6947
3686
8764
5308
6721
2318
8654
7336
483
5866
10116
9372
917
6883
9843
5008
4193
1824
10173
825
5441
9147
289
8152
58
1665
3599
5571
1236
9808
9136
9392
9413
7020
1834
1770
8454
4509
1298
2785
9309
6224
5561
3464
5261
354
1807
9164
8886
5473
1374
8731
1736
9848
6892
5128
8537
9838
193
7265
4798
7399
1696
8461
8512
3037
6152
691
7963
11
561
458
8155
7466
8653
3326
5811
6032
7530
8607
7842
10271
6456
3655
962
5087
2940
3978
996
5874
7723
3552
5482
5480
2819
581
4207
2862
2968
9092
8029
3085
3657
4696
3323
9770
7722
8853
785
3975
3543
9633
8895
7820
9664
9988
8162
9657
3830
8111
3276
4381
6478
6303
9174
5340
5558
2345
3622
8804
8325
5857
2196
406
6997
6026
7385
2834
1442
8677
2154
5277
4155
94
8163
7995
2803
9913
10227
2840
6139
2094
1372
8942
10
10163
8628
614
5004
9316
1269
4783
25
4169
1923
8774
5358
9700
746
4549
675
5538
2723
6433
596
5315
9962
3754
4268
7213
2106
122
6681
7970
7165
5720
7520
7552
5793
2450
4372
527
5911
8469
8957
1370
7776
862
1964
2084
8934
2162
8234
5303
3689
1387
1616
5842
5886
8146
4342
3776
2280
8838
1609
1409
9918
5681
8974
2728
6351
8499
72
2254
2680
2392
1673
8651
3996
5860
2585
2370
8772
1222
1126
1135
1757
5365
4663
7898
3989
8518
5444
7096
2491
8998
7593
7097
3954
1322
3138
784
10265
9673
3977
4515
4377
5794
5838
100
5894
3225
3028
3136
4590
1229
6565
10223
3895
46
1769
8681
3406
5120
7185
1982
9247
1375
8425
91
7217
898
2493
4894
1223
181
3300
8625
6065
3542
5478
7156
5117
6509
5469
7368
2610
4455
3729
2683
6451
167
10233
95
2569
16
6818
1768
8199
4124
3832
6743
7451
10086
5397
10094
2851
1948
7038
6174
7543
1843
7550
3361
7883
541
8521
7690
2208
1115
1520
8904
2741
9547
7608
6071
6751
5225
8648
9086
66
3539
4988
4126
1001
5061
9835
3139
3579
9241
2852
6432
2294
4582
8018
5702
7687
1297
2754
1466
8616
8384
9685
7730
61
1691
2624
7446
534
6231
512
6378
160
8069
1356
5487
4843
5310
6989
4861
10017
9323
8733
5893
9431
4419
9471
3946
2856
3675
1850
8321
8631
676
9562
7187
6024
2999
5898
9399
7447
1255
9563
8032
1881
7528
7193
7194
5399
7074
5695
96
3040
133
8573
9090
2672
8326
4633
6357
42
10294
3027
9730
5381
1064
7130
861
8302
3325
1789
1092
4223
5529
4128
7475
1023
3968
3205
7271
284
5059
1791
2533
73
4889
9163
5101
3567
5017
166
1898
1376
10098
3939
1410
7298
8101
1296
4305
1294
10039
3129
2375
7317
4620
3607
9205
2185
3635
10069
3829
10221
4854
3042
6861
8453
9683
2415
4658
1749
10095
7316
2849
8445
2735
1216
3986
2129
5732
10062
5677
2476
7709
6980
4969
9609
6476
1164
245
4328
6534
6486
10111
8723
5938
10341
632
9015
9234
9825
5164
3185
2134
2859
8686
3288
6166
7644
8077
8449
8019
2320
10157
6952
9556
1971
5448
3130
5409
10330
5438
926
1697
7936
8529
508
5631
4308
5304
1274
5450
932
2387
6594
4196
8822
6099
919
10068
2455
8240
1054
1798
5215
6501
5690
831
5498
8460
5275
7218
9777
6230
1195
9812
4898
6810
4430
3260
4085
10164
5028
7989
2977
5621
2618
4234
4469
1625
1105
2765
2113
7135
5531
3334
439
5251
6543
264
1095
8421
5537
5247
7808
4779
6094
8295
1463
1726
10143
6991
1332
3864
5464
4122
4404
4304
3683
4107
3384
1310
6021
9914
9231
6812
528
9238
8945
5609
5436
6493
2544
7728
7494
6827
334
913
4396
3638
7382
3465
5211
7939
4386
9822
9331
3964
9836
7312
8540
9873
7585
9248
3010
6895
6107
6546
918
978
60
4327
4614
3229
2518
9806
983
9112
6611
10230
3591
6843
5525
4544
6304
8809
4294
2886
10356
333
5978
6675
8317
6515
7511
7224
3781
7834
2770
409
5361
2515
1996
8647
2967
8448
4771
4559
9274
7388
4179
6914
2137
4153
7576
4220
5638
5666
2190
5968
6504
9879
8510
5855
2274
6379
6132
3915
8079
7440
6562
2933
1317
3529
2535
368
1402
5674
10160
1900
5915
8046
1614
7563
9540
9803
6023
8601
321
2053
513
7785
7498
3118
8085
968
2193
1814
6053
6473
5080
3819
3965
9079
2405
877
8536
1299
216
1221
6355
5928
657
3883
4958
10285
6247
9313
5173
2152
8551
4479
217
189
6009
10001
703
5378
457
6031
8670
9935
1849
5518
10149
3086
7161
928
7177
4351
9244
2381
1566
2490
3900
9108
195
9287
5425
2265
6523
9617
8168
8428
2215
958
3871
7703
1659
7078
737
5497
6239
4635
6725
4845
10158
240
7968
3015
2531
2782
2901
9289
2015
9221
6164
10191
3612
511
7267
5410
10050
3107
6325
1103
2127
8870
5213
1068
6705
6757
3101
3600
9799
2487
4285
2553
5582
7302
6409
220
4385
10255
7191
1563
9507
9725
8550
3549
685
7228
7145
1312
8791
4849
1397
3687
4947
8637
9494
3279
5991
10313
4972
5555
104
9078
3540
2619
7080
3708
2969
9672
1366
812
10217
9284
9104
7557
2126
2888
4358
873
1316
4810
90
1191
4796
7238
2354
444
716
2038
790
6569
9599
10337
4900
3115
10178
2353
7692
9823
7195
2827
8699
5913
5238
3884
9130
3080
1441
9152
6279
851
9654
999
3658
8756
1591
7477
8785
3974
1292
8065
10269
1383
1000
3839
2092
8514
8999
6981
7100
8611
650
3854
6491
6354
3030
4981
5776
7578
829
2498
6805
3179
1119
8474
5090
3113
2091
1958
4174
6193
5956
6834
10087
6663
6550
7588
5701
5685
4425
9622
7993
991
3401
3816
2398
3453
9786
4373
3741
4356
145
7542
10306
10274
5333
5135
4714
6851
5428
4345
9613
9220
4433
2307
2829
6727
4036
922
4000
2384
6118
3370
438
3867
4565
10246
230
7428
6229
2296
4260
2073
3399
4925
9788
6090
2149
8113
6369
1871
9508
80
10048
4915
2932
8828
6506
1490
9170
3310
9168
2942
9813
1741
4340
233
6116
9917
8031
3191
6912
2342
1355
6963
6169
755
6602
3891
967
9916
4619
7526
398
5587
10211
10345
660
7397
8189
9021
2605
4224
3125
2577
5533
1202
7653
1706
4420
8132
4453
9
4360
9214
1101
3714
5943
6457
8819
8327
5985
10295
9233
4808
948
4027
7594
4047
7645
1266
26
8859
4990
5854
8935
6526
4807
5510
3938
4804
8546
10195
308
9403
1385
4390
5914
6621
8383
9428
7489
7509
1437
6916
5492
2283
6297
5125
1474
6678
8277
3089
2360
5594
6828
7650
203
7094
9206
9210
4333
4504
130
6848
817
5109
241
4651
2433
4322
2554
1858
4440
4259
4415
9778
7132
2845
10200
5274
2454
2627
8180
7956
7484
6208
1454
8609
7432
8246
3047
1695
5639
6821
4349
1895
10171
9439
7806
2163
2934
5941
854
9464
2419
232
6779
1962
4188
2594
10067
5063
835
7133
9278
5132
4846
960
9419
8459
5407
358
3727
7487
5246
4734
4525
7311
1012
4496
4606
9701
4965
834
7990
5065
7439
5360
900
3559
7529
4725
7510
6719
3511
10315
6823
3515
8220
3925
8009
10333
2623
7457
5679
3967
4213
9776
1970
8693
8188
9546
2750
985
7261
9107
1415
5947
2047
6083
4378
6535
3303
520
2368
4872
9463
3019
4850
4374
7933
4588
2964
9169
8627
884
4770
9028
8520
2046
6530
10307
3703
9075
3664
6632
24
9296
6599
9564
6682
7661
7308
3875
2620
2429
4540
8515
2864
6010
3728
9651
2958
116
9270
9764
35
4393
9314
8001
4006
4893
9178
5748
8894
871
2186
4600
1812
6964
8863
1774
8745
9527
4538
2252
5703
1340
6234
3762
836
4784
1329
8596
1160
10138
8482
7694
3826
3373
5554
6305
713
8279
5670
4307
5575
7300
8902
7196
2638
7144
7677
9583
4456
4545
6959
4295
5812
1977
705
3857
6738
6215
7874
275
146
5889
4560
9924
4863
9956
9033
6120
7441
4577
9728
9177
9342
7166
7013
5516
5432
2961
8736
402
6125
3570
5620
6935
2571
5686
9315
8986
8339
9155
365
10279
283
6820
9559
8089
5306
3775
9311
754
9784
1396
9801
7159
9849
2639
4666
2303
6503
7041
6630
5400
5387
1010
8106
6346
2402
776
9305
2881
9886
5038
4970
5975
7518
5415
8160
5209
7392
4866
4828
6903
8181
516
2821
4282
1378
5385
3951
6128
1349
9998
7863
8610
6696
65
6790
887
149
7655
9693
744
5750
9438
4291
6838
6361
724
6147
2825
5176
5392
7985
1056
8565
2268
4288
2796
1024
176
1377
4617
4960
8061
8528
2603
2891
3134
4882
4427
966
8442
2791
8334
9473
7111
7704
1813
5421
5093
4483
8721
7334
6061
5041
4074
5526
6411
8841
7073
4265
4106
9111
1794
6768
2615
1950
7604
6213
4008
5640
9091
698
4014
9279
4908
5994
4366
6880
3557
7205
9779
7237
8743
7394
8696
6233
1336
733
5413
5559
1908
2896
7116
2514
3799
3730
1801
5102
8431
7790
4596
4626
2670
1277
3234
6393
2233
7274
8377
5105
738
9727
700
7669
7068
758
137
3311
6857
4376
8258
6633
9230
5475
9569
5260
9349
5642
9437
4684
249
1913
1935
5634
4280
2495
6870
4131
8671
9903
5960
6100
5147
9739
5659
771
9217
4057
2339
4583
8000
1540
8052
4632
421
6776
8626
1570
4838
8816
3553
5892
9281
29
6440
10354
1185
664
6079
9425
2678
9817
8048
3510
2716
9665
6651
9256
5707
4820
3259
6252
7778
8725
4703
2382
10298
9839
9354
5279
9088
2110
5208
10293
5462
10290
9919
4517
3945
7017
8570
4293
8028
416
5085
9529
2981
1594
2917
9379
3292
4985
5084
2631
64
506
619
947
9167
8352
2878
8413
1439
8634
3546
4316
9047
3821
5216
9858
6072
2987
2695
7464
1128
3147
9543
8291
2975
8740
2944
6658
191
9675
970
9384
1969
4982
4607
8229
9433
1386
6036
10309
6954
9829
269
7019
6519
10239
3023
9710
1320
2090
6204
1348
2936
4069
729
8943
8353
8604
9017
2295
6986
2966
6332
251
2297
5608
6545
1416
5499
4636
5297
113
2751
161
1368
9538
7310
5342
8121
3554
23
9159
6082
6093
1363
4055
9502
753
10117
1175
6059
88
6845
2321
1907
6977
5100
4948
9955
2407
9421
8164
8221
9593
8117
5987
2617
4939
5853
2581
3984
2727
5018
4462
5581
9619
343
4823
279
7434
5766
1401
4299
8759
8122
2086
8294
5195
6819
3328
5657
8020
3671
7253
8158
8881
2831
6732
7721
1541
2506
1408
6968
3509
8516
7445
1873
8262
2584
6035
317
494
9887
767
1803
4286
3153
6358
5357
1919
7220
4144
1627
2411
2935
1306
7032
6060
955
2497
7052
8817
6780
8896
4585
8705
201
7216
6347
4899
2753
2671
7309
7278
7789
290
7082
9759
9877
5843
4914
9192
10291
2226
4173
5983
1862
707
3228
10236
2693
8190
3470
9840
7429
1144
3141
7433
7053
9525
5809
7093
3569
2809
8603
4368
5096
5590
7693
3589
2249
6008
6917
7850
8839
9719
5861
2586
8247
2729
3395
7246
4618
5826
1407
7476
8646
9807
10152
8652
7673
7920
4675
8525
10009
8360
5104
2951
226
6737
7083
10008
6225
10351
8355
701
3621
7540
9697
479
5379
10194
1864
892
3935
874
4568
8639
1775
174
939
7141
1943
7391
4930
3176
3865
4315
1423
538
85
8650
1596
3744
2205
5484
5553
268
2916
4932
7158
7482
1619
6280
8842
1705
1633
3963
3041
2513
9317
4705
2042
976
1530
8775
8662
7573
1911
3868
2282
3531
3486
537
4300
577
9429
4406
9100
10175
6481
3169
1330
3803
1713
5592
3460
9503
989
5454
10141
6671
6429
9629
9793
4500
4335
52
3911
6003
633
5031
5658
998
6407
5150
329
4875
8071
6728
5453
3772
3619
4001
3416
9805
3435
1595
6639
6151
5320
3831
5500
8524
7896
6022
984
9239
3922
9542
5935
6173
4508
10033
3262
8680
5552
2346
6222
8076
6871
4878
7549
8293
8554
8818
7137
8084
8910
10301
1694
6086
5245
845
7562
9071
5344
4945
1902
2364
8706
4284
5097
491
5078
7590
4066
63
5145
5394
2900
4592
6056
6167
3480
6716
1351
8760
1301
7396
4591
5739
7174
2103
4856
4967
880
7104
8784
6317
823
7986
5998
2874
4145
4279
1837
897
6410
2009
8869
6131
8729
1809
7536
3597
8207
9176
5380
10132
8349
4206
9769
5865
4347
9821
1580
5175
2486
7553
6615
5250
3763
7467
1747
6316
9926
7221
1658
4049
5846
10278
6000
1558
9882
7332
7364
2908
7203
7649
3571
8363
4817
7248
826
6783
9237
6670
3476
9735
4672
749
8149
10196
1394
9794
205
8225
5455
9712
663
9188
9878
8663
562
5939
2955
4460
6548
7129
5936
2660
5160
6714
8485
6919
2379
4681
1324
7727
9252
3091
7483
9731
4608
8484
545
4853
8003
9072
8511
165
3265
1792
5616
10241
6758
7522
2733
3369
7836
7126
2378
2521
5408
9181
9046
4764
2887
9366
2559
6706
8766
8057
1702
50
686
2773
418
4610
10066
7376
820
7857
8125
4309
7710
1300
1129
1631
8376
5433
5921
9884
1395
3488
8192
3263
915
6638
5912
5798
392
6273
8847
5490
82
2136
2595
9824
9298
8968
7707
9973
460
5070
9850
5086
7183
10193
5630
3611
7900
6893
112
2262
1494
9676
6097
544
6436
2448
7035
2656
1931
8457
2679
428
1810
1883
5698
7222
6825
1182
9893
5662
2102
4975
209
3604
2313
1506
5248
6859
3896
6064
3017
4728
6055
5323
1193
7877
4130
912
3698
5163
9436
3914
9184
5232
346
6622
3149
6168
8169
2170
7155
4528
6199
3100
2439
517
7112
8161
1764
5192
6574
162
2390
10247
8716
9024
3534
4364
1241
1088
5430
7713
3390
1081
6062
1882
3734
757
7127
2420
297
7361
8494
8473
377
3078
10314
7138
827
2650
5416
6126
4613
9774
1388
7666
7654
5831
9533
8147
3906
6948
9756
1367
518
3580
7264
2762
5446
10130
4034
6607
8096
10155
8092
1096
1689
1731
4094
8187
7685
9995
7767
8144
6856
4736
3093
2950
6982
5141
7227
759
1492
8557
8350
4921
2157
7624
607
4980
1354
1542
1861
4821
10322
1550
7084
3144
1737
8450
1405
2556
10061
6620
2748
5295
9351
4184
8256
8145
1059
3998
7291
6044
5131
5572
10181
3035
9465
5963
8827
9356
336
3613
9605
9099
3309
4290
10201
1503
7922
4841
2731
5374
4370
3203
1557
5074
6244
5329
652
451
2652
1309
4017
6014
1341
2019
8576
5011
454
1461
6890
8458
1833
9151
33
2757
8971
6736
5325
3905
8836
9964
2871
1920
5081
6837
1867
3994
10145
4183
4459
1593
9773
3898
7002
6879
1778
8381
2029
10099
2960
4148
986
244
10336
4924
2847
7018
8270
7168
9297
3817
4301
3496
5884
804
2872
7761
5586
5656
7628
8964
6603
6829
3561
8571
1793
2055
2328
4691
405
7293
8558
2786
9714
8480
9969
7912
9578
9828
4593
7972
6104
3112
807
6745
8310
717
7607
6566
4512
6203
4813
5836
2239
1983
7606
5957
5982
3227
168
2435
7178
8598
3403
5005
8495
4665
2647
255
3088
10331
1161
6275
2025
5742
3417
3162
5270
6269
132
6080
1889
2691
3676
7009
10284
6314
8877
10161
6579
1153
452
1061
10207
9815
9153
2331
10329
7015
8133
2049
6712
5735
7201
3592
4720
2202
4162
1151
2659
2780
8714
364
7345
1325
2272
5472
1179
8423
803
8861
7479
10091
3204
1750
4324
843
2292
1093
4911
4422
6560
7708
6669
5820
4781
3413
9713
7988
1610
154
1716
4463
4298
4411
3794
6538
1876
3439
5589
7192
4329
5604
1060
4895
3747
4245
1187
1121
3719
9124
7749
5367
6855
4962
9378
796
858
5154
9209
3614
2992
7279
7348
6345
2894
77
8954
3852
9692
2838
10113
8561
2640
6077
9852
7188
5474
150
5744
5832
4038
3962
4551
4136
3988
7189
7595
7577
1965
2899
8526
3295
3869
5043
2251
6198
397
247
9253
3886
9386
9602
5157
9466
2077
5515
8505
7050
997
9831
3274
5437
5493
3576
9881
8996
1821
1321
677
5848
2146
5427
2591
3866
5984
4532
6653
6536
8126
8358
5014
1498
7792
10327
7426
6966
7008
6368
5107
4466
10126
2044
8846
3161
2938
92
7117
8368
6179
5940
1866
484
2788
4434
4323
3189
1599
5881
3123
4578
10122
3718
3541
2286
2311
3207
6403
6268
7229
3674
4172
9025
2076
8533
6567
6197
2404
7401
5366
2832
1739
6978
7367
7826
7236
6792
10214
4041
1448
8320
3874
8087
5622
4015
6419
4471
7495
987
2164
3752
3610
2522
1845
5919
5697
846
6906
7005
7915
9061
9232
1390
7462
5924
6664
5511
9443
1513
6846
3422
2915
8624
5584
6767
32
2451
487
3166
4330
890
7427
7206
2000
1783
1932
3809
6220
9894
3972
4793
3127
1124
589
7964
7459
3320
9783
8323
7199
2893
9632
386
5007
2240
2144
1797
9787
8690
1371
8347
3220
2820
5835
687
3493
1865
1748
3765
2717
468
7075
6672
8552
3598
2349
7469
5948
1339
8238
9594
5897
7425
5981
5654
8678
8903
7182
8787
4468
3208
9936
4439
3146
5334
5933
5632
9408
7987
401
3877
5563
87
4792
3108
3843
6533
153
7646
7658
6781
5974
9780
5079
5088
6342
2056
8462
4835
768
10237
8062
4669
1097
9869
8984
2912
5821
7662
2421
5062
7091
1732
941
486
1139
3463
5042
4180
3405
6113
4997
5257
5517
3051
4147
5746
8316
2722
6228
3514
3181
3250
4686
9888
3774
591
1413
9180
9772
8311
3726
5565
8300
5221
8415
7146
6510
9718
6884
4058
1278
5047
140
4904
1234
3779
3887
3827
6190
3235
1150
2865
6274
4765
6487
9782
3602
6418
8564
8154
5404
7843
2530
4452
7378
1852
7360
4647
5513
6869
1055
850
10245
4170
1165
5417
9876
5675
6266
9375
8156
4649
3402
8371
3969
8747
2108
4410
4091
4270
6623
7682
3425
1399
10064
4113
8198
1414
7586
2180
4986
7209
2914
293
1470
9717
7012
4470
8419
254
4389
4927
1019
5864
2736
10218
6532
8276
8004
9150
802
6786
888
5875
4314
3770
5885
1132
6724
2156
9667
6122
2953
6063
4505
3918
7223
2385
5668
4697
2235
8375
1937
10133
1917
2018
3038
1710
2616
2664
6975
8417
9711
2740
4084
1860
6209
10243
7684
5382
6699
294
6321
5048
9722
9768
4964
2587
4166
9514
621
5161
8370
6177
2853
4013
3725
57
627
9611
3200
31
7268
5489
5470
8783
6878
3071
7660
7128
2048
10150
7354
7387
9690
235
1661
5967
7852
4825
190
1343
1291
503
9934
2072
5156
5997
7626
8410
10249
3535
353
7681
4984
6385
4888
8765
6401
1727
3007
7226
180
6377
7616
7331
4993
8590
6150
1746
7541
4818
7825
667
9226
3087
3587
6496
3704
7641
8050
1335
10093
9019
7743
6617
8993
5483
848
6406
4423
9193
1123
7997
1112
8966
4359
7414
9103
5637
1579
5757
9789
805
3806
7461
9837
6200
4929
6452
3329
4506
8830
3970
7404
9724
4447
4344
124
7172
4743
2925
8544
1078
3286
115
5039
5506
2399
5158
8322
1194
4979
1307
7813
9283
6041
6748
3240
7554
8002
1122
9832
5485
8800
2687
7063
2653
3564
3024
3006
5550
393
4832
2485
10213
1743
6500
2445
4018
5870
3143
2367
9615
2699
3609
3956
4109
9738
2858
394
4831
7314
4331
7014
9160
799
6830
3699
4688
7546
8851
3485
8226
5496
7031
7827
8806
3046
7423
6652
8939
7629
8288
1086
6683
7163
8346
2548
1074
6578
8150
2756
1007
158
9407
6778
10059
2539
5465
490
5557
8307
5614
6806
5834
5076
5931
7589
4976
4146
728
7266
1780
5687
3133
8947
9467
207
10119
5199
3306
7992
6048
9442
8960
8676
8082
3501
2714
2374
8811
4700
5233
3617
1412
5534
6282
10292
592
822
4553
8679
7738
2291
234
5123
6742
1711
1361
8726
9987
6582
10003
7235
2133
4134
3930
7949
3560
8711
7403
2651
3804
7671
10179
818
735
8201
993
3450
5071
4819
2138
6329
1148
8667
6684
6149
8666
4182
9704
10073
5545
10085
7928
4806
1603
8498
3358
3712
6524
4402
1773
3859
7830
2017
9371
792
8915
6109
4977
8549
4232
7402
7533
4689
3324
2643
3201
5051
5307
9612
7902
5167
7893
1715
197
4896
5504
2567
6027
8200
7698
3132
6088
8501
7371
1040
6595
69
7288
507
9797
3769
1305
6689
4318
7362
4209
8304
3785
9067
9140
6384
9082
9702
4573
5596
731
3506
4221
3268
6588
5923
5944
2778
6941
83
6374
6888
3483
752
6497
3672
6105
3331
4382
7490
5667
8834
2414
2005
2107
4078
3688
7098
6158
5406
263
9859
7327
9660
6967
4920
123
1905
1426
2244
8184
2380
9158
1210
5636
7211
3790
2512
7121
8864
2266
7539
4862
5046
10228
1118
9074
9993
2463
3297
9505
1886
3924
5544
7470
7247
9347
7630
10199
1922
8661
5172
7118
5651
5488
3131
8429
7092
9909
8356
6242
5082
1235
5908
3807
3992
5841
3818
3287
1090
5244
10338
9499
8173
7923
7102
1272
3092
2565
4640
2572
849
7260
7207
6171
8660
3904
5979
1444
8088
200
5016
2781
7512
3290
2612
502
2898
8118
1740
949
2580
238
9732
7411
2718
2258
5891
9265
1265
3236
2662
3653
380
2551
4451
8532
6863
6667
7460
5903
5440
3861
8798
4524
576
2257
3504
709
1719
1159
4135
5833
4337
3879
6833
5896
7087
4605
169
8177
4907
4557
2508
3941
8612
5036
10044
9518
399
1745
8640
1730
9671
2217
3661
4631
7551
540
1188
4566
6661
6680
8099
5268
8267
2536
5115
4716
3823
5196
8137
4156
6961
6454
1319
1847
9736
4601
5429
5556
6753
3090
5281
9959
3111
4963
4478
6762
10114
994
6276
6887
3475
2637
151
2927
3284
8788
7697
2135
4281
6170
7924
10134
4143
53
7143
7651
1999
1359
9589
6508
9833
213
6311
4467
4388
349
7289
1918
1106
9406
674
6115
6323
9723
9373
8586
3304
6227
7448
2570
8281
9165
5505
1004
7160
5873
7326
7079
4142
6784
4203
7538
5412
469
9898
7347
2517
4200
7373
8080
1761
7257
7931
6494
5133
9022
1613
84
3743
4161
7705
5010
7758
10038
2351
5890
6729
4891
6040
4987
10180
4062
9409
6973
7280
6383
298
6141
4645
6085
656
7033
7277
8920
177
6646
4879
2074
693
1258
9904
1083
9755
7287
2889
5204
403
2269
9179
6028
8781
3082
2273
1268
8602
4656
6111
134
4042
7328
899
4974
9053
3061
2371
7200
5169
6808
8477
385
5402
6649
8015
6315
3247
6205
6983
8476
6453
3345
9537
4623
2972
51
6791
5678
5327
4004
9041
6291
1203
9063
155
5986
2962
339
6844
7099
3305
9115
5449
1163
2096
2477
4114
4848
2654
6525
6723
8738
7884
1220
5507
4311
3252
10112
8737
7548
8754
7197
1921
8479
4033
7285
6911
5767
798
6999
3979
6172
4913
5851
2140
4189
1443
2608
6376
3966
6850
253
164
5535
8235
4671
2002
6771
9288
2270
6288
6898
3106
10055
6186
5226
2436
9592
6659
964
4435
8980
6945
5502
7435
7998
9590
980
2428
9853
4526
7214
8584
5641
6580
5029
2592
2245
2267
4043
9978
2566
1904
6749
8391
4171
7044
4788
7895
4857
857
6485
3878
2883
603
4994
5769
5781
215
4731
9960
2432
2989
6427
8027
6730
1246
3012
2207
7535
10053
5724
7485
5376
4465
5899
325
236
1076
2848
4287
809
4012
6709
6448
7275
6854
8186
8844
588
1718
7807
3178
6862
6787
10248
4839
2023
4009
3616
7077
8470
9376
8719
2952
6939
453
1418
7596
9740
3751
4326
4732
5364
6998
5580
3278
4441
10105
7366
9307
1346
6868
71
8021
8130
6372
3301
1495
9570
5451
4011
2626
5222
4116
2183
7380
6882
4273
10058
4332
7036
10169
2396
4530
423
6512
489
4312
4274
7759
8835
8409
5814
6864
7341
4546
7712
6747
4616
1687
106
5551
5995
957
9202
8054
4369
2060
8889
6474
5337
7500
4952
7582
4870
2800
3461
2726
3669
6988
2694
5633
5773
3137
9410
5872
7303
6690
1777
1455
5929
1214
4151
8755
8900
2648
1315
9137
2393
9426
196
8580
8792
9885
6688
2761
4024
3870
7892
2873
1037
3449
1556
105
10232
8923
969
10002
8185
8897
2876
7999
97
2460
117
6162
2988
183
475
2984
6360
2319
4267
4218
7837
5219
1536
2991
5664
326
3273
7805
2406
9510
6944
9474
6259
2427
10273
1841
2026
2343
810
3615
891
1141
2529
6797
7869
5827
5946
865
2697
7463
2409
6761
6707
4108
10204
7383
3095
5073
3233
8183
9300
3156
6459
3917
5293
9282
5445
3222
3836
1656
9668
10137
499
9620
3336
4652
8354
3881
8718
1516
9139
4443
1326
7140
5471
9906
2568
3021
7832
9921
3275
8315
5619
9933
2841
9156
300
7474
4598
5734
8245
2499
7365
2516
3298
102
5583
3603
9847
6657
8045
4276
459
8170
488
2689
5095
3034
6766
610
1493
3991
2746
3056
635
7880
2417
1117
1384
310
3072
8131
3844
356
7635
9352
1275
7190
8649
9175
8685
1637
2774
7204
1016
9985
2712
7823
2870
1337
4630
2949
1877
8879
774
8403
9601
5077
121
5663
7456
8490
8468
8066
9990
2560
8697
3440
9370
8369
7282
3985
2501
3680
3114
7056
2919
3187
7639
2657
4429
853
4088
791
9804
6938
4165
1698
549
5758
9846
4707
4010
7330
218
3400
2247
3801
1003
2681
1067
7506
6695
9029
3119
89
6130
1724
437
3121
9616
10079
9947
7198
3172
2941
5822
3568
8538
6395
9760
5823
8362
8280
208
2130
501
4275
5904
1043
7856
5992
378
2957
4185
8404
3745
4811
6101
1192
9318
2285
723
974
9781
9900
9328
3491
7674
6537
7042
2200
1283
2578
68
2880
8488
4795
7225
2236
5372
5155
3556
7688
3445
10070
4995
7357
658
6817
9560
2607
4791
3099
1327
6750
9056
5756
1263
3692
8120
3340
7486
3690
5964
3316
2854
8503
5646
6910
3876
3296
4056
7503
10081
4176
7473
2037
7702
5548
8157
4475
4543
6046
3993
8905
6092
666
9767
9064
2100
8231
6178
2709
3180
6702
10252
8683
3532
6428
2397
9065
8933
2306
6976
9977
5253
4644
8975
6561
4624
5066
2658
7955
7007
9469
9515
4195
6974
6057
9292
1446
1639
7239
6746
4912
8780
7384
3270
7568
4215
5907
2308
9952
2702
10340
2905
5593
4655
5602
6645
6238
4319
6930
2012
9448
2525
6996
5288
10170
9504
838
10153
222
10323
8687
6556
6994
2807
2721
9951
9705
6798
8176
7847
3188
6541
6770
242
959
6643
1899
4005
7787
7571
8365
7478
9742
10022
4222
3145
5996
2861
9145
1512
5468
4809
6590
6735
6095
1605
3272
1664
179
3618
6583
5825
9302
1069
7070
7335
9102
70
3636
6320
4698
2161
775
2350
9446
5716
8078
125
6327
8268
7831
2462
7088
9621
2383
9332
5682
6073
10144
2422
319
3919
10021
2797
3555
7049
7410
1533
9931
3755
7370
9405
18
8958
7139
1323
2434
8493
5536
3158
5717
6119
6897
4654
4687
1358
8669
9044
5139
1467
5610
9166
9491
9339
7108
5787
9462
9551
8059
5540
7351
270
9236
2359
9260
221
6969
6673
2424
1279
4039
6012
6715
8969
8408
1154
3562
3825
10077
9251
6885
5900
6540
2986
4068
9172
3059
4646
2959
1992
6087
5624
6482
5207
1496
7906
7706
8898
5341
2812
1571
5149
725
9524
10083
8372
8109
9758
2372
3239
9171
4175
3075
6175
8308
187
265
7051
1855
5009
10281
977
6254
1692
8097
8472
1751
9059
8305
417
3639
6759
4321
7454
8100
9867
1629
5119
4926
3215
9695
7516
4216
8205
9948
8129
8478
3920
7242
4379
3888
3973
6340
5393
6052
5049
2842
3150
4256
1615
536
1976
4367
4482
689
9227
4996
762
3257
6078
7508
3716
2813
1131
7691
1271
6399
9989
4202
6420
3232
7559
86
5560
10205
3135
5165
8527
4186
5810
2705
6135
9049
2377
8090
8364
3319
9709
3064
1544
3916
2438
7076
1788
3421
3294
1509
5759
9190
8093
2315
5585
1107
5962
5532
2287
2444
8083
6112
8249
9775
9785
8312
9039
5264
5355
3206
6201
4785
3530
5271
8103
4082
5494
7822
7057
5040
6529
1735
2860
5052
4868
1110
5316
9360
5706
1157
2715
9895
9280
118
3620
8230
1693
7115
9591
3048
8688
1535
8271
8242
6143
3195
8426
5796
2983
8357
3647
9820
8961
6943
6502
9555
720
5301
5803
8779
9923
3737
4250
4120
8802
8548
8466
6129
10136
76
3013
4706
7047
27
866
10308
772
2502
8405
1717
1158
5909
10216
3757
3537
5258
5606
787
5882
7746
6718
8095
794
623
8254
108
8336
2763
6146
697
9461
8135
5348
8228
1700
10076
9340
8060
2545
9187
6867
4392
9630
9949
1469
2437
766
9122
1891
8893
1209
9336
8250
129
9357
1434
2425
2416
510
3681
3649
7861
4025
5652
7815
10184
2956
415
5305
4077
1654
3503
3253
9154
331
3045
8053
6054
9912
4950
3122
863
9531
10263
10197
5214
2669
9614
4255
678
2711
1804
3066
5318
9950
3815
2747
7984
5137
8232
7741
9945
2877
6795
2923
6800
6444
7090
8513
2031
6442
3731
4801
110
1170
1342
9387
5377
8035
4757
1674
2931
2352
440
745
4859
1806
7676
4407
250
10168
485
10140
9513
4709
2675
6972
9235
477
9922
8382
8899
9229
3673
6591
7230
5262
8427
1318
4399
4473
7855
3700
10268
9565
9161
7656
8581
9980
3590
3563
