51
155
294
353
486
501
607
685
745
799
828
1053
1183
1346
1395
1408
1461
1498
1746
1747
2025
2044
2103
2161
2233
2286
2409
2422
2454
2514
2559
2577
2581
2689
2709
2728
2792
2890
2893
2919
2965
2981
3010
3013
3162
3192
3208
3235
3289
3417
3501
3564
3673
3676
4004
4265
4307
4447
4506
4551
4664
4672
4764
4781
4835
4855
4945
4967
4980
5133
5175
5208
5317
5361
5400
5511
5686
5891
5957
6112
6276
6432
6472
6540
6552
6591
6649
6837
6859
6875
6917
6978
7014
7057
7165
7172
7193
7209
7278
7328
7366
7571
7589
7646
7721
7802
7972
8109
8248
8270
8302
8347
8349
8381
8476
8610
8628
8775
8777
8840
8958
9036
9088
9163
9264
9409
9710
9748
9759
9787
9940
9969
10070
10130
10143
10152
577
9786
1409
1891
2572
3412
3400
3867
3743
9161
10268
770
7133
5690
10228
8551
1257
4128
5519
5070
8696
3795
6237
3535
7984
8765
3318
4104
527
8277
8717
9049
9032
2695
3419
372
8968
1277
3205
8026
4306
1523
5099
4077
7759
6008
2461
9826
8646
2299
3115
9234
2631
10334
5671
693
5881
1492
9629
189
8410
10336
4284
2958
7311
5513
168
6578
9052
7834
9685
6856
6892
9617
7160
2343
3461
6854
922
541
9155
2691
9884
5915
1296
4508
2915
8190
2624
9253
5357
158
10288
9079
2555
9955
2186
1388
2933
9879
2129
5334
6315
4714
8421
2312
8069
2569
4344
9725
4451
5305
5489
4438
7491
6491
3542
4985
8418
2047
8230
2714
9772
8294
394
3561
380
4513
8072
3686
6549
4388
2623
4872
10194
1883
10306
8320
6313
1907
6780
8761
9024
9959
2134
1792
7392
8246
2084
7247
8425
4888
10208
6784
10330
10173
8683
8480
7365
6741
2693
8637
4289
510
9822
8969
1922
1913
6100
5517
6792
6593
1886
6501
9470
9170
802
6675
5367
2497
5746
106
4979
7988
10266
6768
915
2308
268
10211
1537
3852
6485
9919
2975
9756
2598
5658
3854
5903
4260
3549
3818
6061
2733
5270
1917
8893
8027
9438
1761
2128
2650
5661
1550
4469
5555
3197
6409
7084
9739
6783
6671
8377
50
3497
3659
6059
1414
3803
7833
1321
1850
5378
5421
6561
862
5642
1558
4092
8760
9556
8316
4406
6412
3554
10146
6079
6761
7370
1763
4465
10214
9436
2670
1605
7441
8177
269
6828
1613
7129
6535
9540
1566
2627
836
518
6838
6829
9309
2215
8984
2385
703
10249
6473
8370
245
1504
5539
10354
9976
9432
6536
5209
9130
8740
9877
9462
9931
4703
9642
4360
4373
9781
9278
9741
5533
1128
3570
3088
6923
10048
3191
3129
9890
5887
8458
4900
1467
9778
6053
4295
8352
4577
2864
9171
1568
2049
1908
10061
3416
9376
1506
8061
6448
5822
6678
4696
7526
4404
1923
2616
3656
4720
6994
8191
8836
4342
6242
2381
5018
1581
9256
3093
193
7503
7145
1194
4745
7723
4364
6023
8228
3580
2648
7962
254
9366
4305
7652
6233
6373
64
10274
6132
7235
7522
705
7729
5215
3234
2090
6131
8754
1743
10337
9075
4828
5499
4238
7308
3653
3728
89
6035
7183
8536
2072
10144
7216
7968
9985
2346
3592
3610
4620
9982
4869
244
768
9616
8333
4107
9735
843
161
10291
6107
675
197
735
3657
3635
6874
6077
247
3576
5810
214
6825
7486
3624
4338
4113
9074
6379
3100
2786
8549
8533
9731
835
9389
7669
7915
731
6663
9323
10191
9619
9804
5855
6317
5416
7606
9443
3331
2553
5516
1511
8550
10341
9504
610
6024
252
8873
8616
421
4240
10164
7192
9565
660
1900
1619
4116
2292
5685
3857
8375
5453
10290
5673
2936
5245
1841
4649
4491
6036
9886
6384
2208
4645
6964
8537
3598
1339
2534
2226
1694
3571
1135
4924
4911
6203
10099
3144
2535
8089
4709
6172
9047
5298
7185
7728
4618
3227
196
7826
5320
6055
10309
990
6517
5663
10145
4184
8004
3514
5885
3754
65
7197
1402
9591
7385
9867
9893
5744
6630
3824
6429
10085
3967
3509
8557
8066
1397
664
4304
9019
6378
826
4440
1821
166
6049
7836
2493
6063
8895
729
8795
167
1849
4291
9274
9711
10278
3574
9633
5385
4217
9483
897
853
9555
8229
9282
6193
479
10165
2515
3826
4903
3552
845
8736
512
8376
9533
5914
7221
3611
10356
7578
9544
4036
9613
7563
7317
2819
1773
10112
3599
4800
2729
10151
7344
511
1158
8087
10197
9364
5279
6113
233
9169
8234
6225
8548
1882
4736
896
3203
4899
9419
8113
1904
3831
3989
9251
1718
4580
6808
5572
1437
2249
3021
257
4106
150
784
9086
7792
7274
8017
6270
838
1719
8494
3823
6194
3273
9903
3546
3698
153
1615
8529
198
3111
9657
9614
5702
1595
5681
5457
4147
1732
9413
5260
8787
3553
10131
9311
6504
9917
7008
538
737
8819
8711
866
6127
3425
7182
1396
10094
7842
9799
3562
9280
7079
9570
4008
1920
2529
4352
10122
7288
7481
5173
6868
10298
8903
10134
5536
8864
5007
3883
4970
4950
7685
2736
6297
4765
7565
4368
2829
9993
2643
4361
4679
2612
7666
2371
5732
540
8966
6279
5216
1307
7083
8152
6082
10223
1970
7082
7577
2900
5750
5472
6497
6498
3699
10076
88
10161
5921
1833
5271
2266
6032
537
6986
1365
9033
4470
5414
2102
5698
9621
2106
6976
6890
5282
125
9716
1627
9494
4517
985
218
5423
2411
5016
6028
7236
6428
2726
7550
6798
377
8446
8538
10009
2136
9768
4467
1086
2536
3568
4316
5470
5211
9188
459
5695
1745
9727
8800
3589
5763
3612
5682
6064
10126
8125
9782
8835
10275
9808
263
8625
5078
7989
9825
5515
9701
2152
10307
367
1412
9352
2322
5010
1541
9313
66
3916
4817
3119
4610
7554
7677
1610
1216
5012
3567
6073
980
4626
5675
7774
10150
3422
8238
4000
5458
4319
2988
7156
9099
949
3752
2740
2705
8546
9881
2949
7141
7660
4853
6044
7588
7383
2722
7132
8827
4965
7196
2113
9970
725
10153
3295
9302
9220
3565
8454
1141
428
6757
331
238
1088
6065
5979
5066
1081
6372
8133
10255
7049
8032
4010
3963
2658
3559
9869
5998
8448
10064
874
4312
321
9843
7590
7362
8841
401
9473
9895
8651
7117
6505
7100
4697
9695
6732
6820
6171
5982
9994
2196
6682
9828
2202
2753
10044
7167
7999
9241
1386
3597
4463
1710
10231
10293
10133
10050
10284
10101
8806
6738
6765
8256
6316
7075
177
4013
4856
7479
8339
8863
8186
3275
3851
3453
1633
7467
7384
10071
160
4182
8317
3730
7108
5350
3181
10002
5300
10116
9305
6754
8281
4473
2754
7178
10270
6548
3998
5425
1873
918
1814
3232
6476
4012
7094
2269
7019
2046
349
5315
6046
9988
8117
10257
9820
4216
1542
3865
3869
850
3868
3201
103
6997
5295
10087
6684
1405
5049
1270
8003
2570
6179
9233
1593
7510
4009
10220
1376
4322
70
633
7155
1312
9283
9315
7246
6706
2763
7847
1299
10273
9676
2163
6371
7477
10248
8648
10177
5831
8020
7326
3604
5424
9651
4108
9656
6582
3253
7200
6797
1154
9217
6383
5376
9287
6916
2217
4091
1899
6817
319
4443
8225
9789
7223
6357
2715
8368
9513
8571
1316
7257
7576
6993
7466
8308
4922
90
4683
4337
6683
9543
6935
1326
7166
652
2860
7088
10068
6977
4156
9978
7253
224
6938
1221
8409
9665
35
4823
3827
1470
5462
3082
9853
2107
9078
2476
2687
6967
10169
3560
7277
5884
3533
6661
4331
392
2183
2254
9714
8363
4878
3996
487
5306
4151
4294
3620
297
8980
6282
7217
365
10077
887
5873
3007
6750
1306
3615
6623
1269
4301
1325
2270
5836
2983
1629
2091
3106
4807
8802
10344
7543
1748
1366
4382
8304
9840
7260
9059
6200
8964
6084
7512
3741
2137
1921
1161
7198
10091
3316
6345
886
3871
151
8150
10181
451
7541
5451
6819
4479
7159
8124
4496
7267
5014
1294
6280
4309
4623
326
1860
9724
5293
9728
402
2721
7341
4221
7333
10179
4267
6830
5929
3985
6595
7843
8877
6943
4055
205
2396
6085
3114
9812
4893
4015
5268
7559
7586
3603
7204
6987
9647
208
1713
4825
2307
3427
7
9
10
11
12
13
15
16
18
20
23
24
25
26
27
28
29
30
31
32
33
39
41
42
44
46
48
49
52
53
54
55
57
58
59
60
61
62
63
68
69
71
72
73
74
75
76
77
78
79
80
82
83
84
85
86
87
91
92
94
95
96
97
100
102
104
105
108
110
112
113
115
116
117
118
121
122
123
124
126
129
130
131
132
133
134
136
137
140
141
142
145
146
149
154
156
162
164
165
169
174
176
179
180
181
183
187
188
190
191
195
200
201
203
204
207
209
213
215
216
217
220
221
222
226
230
232
234
235
236
240
241
242
243
248
249
250
251
253
255
264
265
270
275
276
278
279
280
282
283
284
286
289
290
291
292
293
296
298
300
303
307
308
310
311
312
317
318
324
325
329
330
333
334
336
337
338
339
341
343
344
346
350
352
354
356
358
362
364
368
370
371
378
382
385
386
387
390
393
397
398
399
403
404
405
406
409
410
411
413
414
415
416
417
418
423
431
432
437
438
439
440
443
444
448
452
453
454
455
457
458
460
464
465
468
469
475
476
477
480
481
483
484
485
488
489
490
491
493
494
498
499
502
503
504
506
507
508
513
516
517
519
520
526
528
530
534
535
536
544
545
549
551
554
557
561
562
575
576
580
581
582
584
585
586
587
588
589
591
592
593
596
597
601
602
603
604
611
614
615
617
619
621
622
623
627
628
632
635
636
637
638
641
642
646
649
650
651
653
654
656
657
658
663
666
667
668
673
674
676
677
678
679
681
683
684
686
687
689
691
692
697
698
700
701
707
709
710
713
715
716
717
718
719
720
723
724
727
728
730
732
733
734
736
738
740
742
744
746
748
749
752
753
754
755
757
758
759
761
762
766
767
769
771
772
774
775
776
785
787
788
790
791
792
794
795
796
798
801
803
804
805
806
807
809
810
812
813
815
816
817
818
820
821
822
823
824
825
827
829
831
832
833
834
839
841
842
844
846
848
849
851
854
857
858
859
860
861
863
864
865
871
872
873
875
877
879
880
881
883
884
888
890
891
892
893
898
899
900
902
903
905
906
912
913
917
919
926
927
928
932
936
938
939
941
942
944
947
948
950
952
955
956
957
958
959
960
962
964
966
967
968
969
970
973
974
975
976
977
978
983
984
986
987
989
991
992
993
994
995
996
997
998
999
1000
1001
1002
1003
1004
1007
1009
1010
1012
1013
1016
1017
1019
1020
1021
1022
1023
1024
1029
1030
1037
1038
1040
1043
1046
1054
1055
1056
1057
1059
1060
1061
1064
1067
1068
1069
1073
1074
1076
1078
1083
1085
1090
1092
1093
1095
1096
1097
1100
1101
1102
1103
1105
1106
1107
1110
1112
1113
1114
1115
1116
1117
1118
1119
1121
1122
1123
1124
1125
1126
1127
1129
1131
1132
1134
1136
1138
1139
1143
1144
1148
1150
1151
1153
1156
1157
1159
1160
1163
1164
1165
1166
1170
1172
1175
1179
1181
1182
1184
1185
1187
1188
1191
1192
1193
1195
1199
1201
1202
1203
1208
1209
1210
1211
1212
1213
1214
1218
1220
1222
1223
1226
1227
1229
1231
1233
1234
1235
1236
1237
1240
1241
1242
1246
1248
1249
1250
1251
1252
1253
1254
1255
1256
1258
1259
1263
1265
1266
1267
1268
1271
1272
1274
1275
1278
1279
1283
1284
1288
1289
1290
1291
1292
1295
1297
1298
1300
1301
1302
1305
1309
1310
1315
1317
1318
1319
1320
1322
1323
1324
1327
1329
1330
1332
1334
1335
1336
1337
1340
1341
1342
1343
1347
1348
1349
1351
1352
1353
1354
1355
1356
1357
1358
1359
1361
1363
1367
1368
1370
1371
1372
1373
1374
1375
1377
1378
1379
1380
1381
1383
1384
1385
1387
1390
1394
1399
1401
1407
1410
1413
1415
1416
1417
1418
1423
1424
1425
1426
1429
1434
1439
1440
1441
1442
1443
1444
1446
1448
1449
1450
1451
1452
1453
1454
1455
1457
1463
1466
1469
1472
1473
1474
1477
1478
1480
1487
1490
1493
1494
1495
1496
1502
1503
1509
1512
1513
1514
1516
1517
1519
1520
1522
1526
1530
1533
1535
1536
1539
1540
1544
1551
1552
1553
1555
1556
1557
1559
1561
1563
1565
1569
1570
1571
1575
1579
1580
1582
1583
1584
1585
1586
1589
1591
1594
1596
1599
1601
1603
1604
1607
1609
1614
1616
1618
1625
1630
1631
1635
1636
1637
1639
1641
1642
1644
1645
1648
1649
1650
1651
1652
1654
1655
1656
1658
1659
1660
1661
1662
1664
1665
1666
1667
1668
1670
1671
1672
1673
1674
1676
1677
1679
1680
1681
1686
1687
1689
1690
1691
1692
1693
1695
1696
1697
1698
1700
1702
1703
1705
1706
1711
1715
1716
1717
1724
1726
1727
1728
1730
1731
1735
1736
1737
1739
1740
1741
1742
1749
1750
1751
1757
1758
1762
1764
1768
1769
1770
1774
1775
1777
1778
1780
1783
1788
1789
1791
1793
1794
1796
1797
1798
1801
1803
1804
1806
1807
1809
1810
1811
1812
1813
1816
1823
1824
1825
1826
1827
1829
1830
1834
1837
1838
1843
1844
1845
1847
1851
1852
1855
1858
1861
1862
1864
1865
1866
1867
1868
1871
1876
1877
1879
1881
1885
1889
1895
1898
1902
1905
1911
1914
1916
1918
1919
1928
1931
1932
1933
1935
1937
1938
1943
1944
1948
1950
1958
1961
1962
1964
1965
1966
1969
1971
1974
1976
1977
1980
1982
1983
1986
1992
1995
1996
1998
1999
2000
2001
2002
2005
2009
2012
2013
2015
2017
2018
2019
2022
2023
2026
2027
2028
2029
2030
2031
2034
2035
2037
2038
2039
2042
2043
2045
2048
2051
2052
2053
2055
2056
2057
2058
2060
2066
2067
2069
2070
2073
2074
2076
2077
2082
2083
2086
2092
2094
2096
2100
2108
2110
2111
2112
2117
2118
2119
2123
2126
2127
2130
2133
2135
2138
2139
2140
2144
2145
2146
2149
2153
2154
2156
2157
2160
2162
2164
2170
2172
2175
2176
2180
2185
2187
2190
2191
2192
2193
2199
2200
2205
2206
2207
2209
2214
2219
2220
2224
2229
2235
2236
2237
2239
2240
2242
2243
2244
2245
2246
2247
2251
2252
2253
2255
2257
2258
2262
2265
2267
2268
2272
2273
2274
2275
2276
2278
2280
2281
2282
2283
2285
2287
2291
2293
2294
2295
2296
2297
2300
2302
2303
2306
2311
2313
2315
2317
2318
2319
2320
2321
2323
2325
2328
2330
2331
2335
2336
2339
2340
2342
2344
2345
2349
2350
2351
2352
2353
2354
2358
2359
2360
2363
2364
2365
2367
2368
2370
2372
2374
2375
2376
2377
2378
2379
2380
2382
2383
2384
2387
2389
2390
2392
2393
2397
2398
2399
2402
2404
2405
2406
2407
2410
2413
2414
2415
2416
2417
2419
2420
2421
2424
2425
2427
2428
2429
2431
2432
2433
2434
2435
2436
2437
2438
2439
2443
2444
2445
2448
2450
2451
2452
2455
2460
2462
2463
2465
2467
2474
2477
2481
2485
2486
2487
2490
2491
2494
2495
2498
2499
2501
2502
2505
2506
2508
2512
2513
2516
2517
2518
2521
2522
2525
2530
2531
2533
2539
2540
2544
2545
2546
2547
2548
2549
2551
2554
2556
2560
2565
2566
2567
2568
2571
2573
2575
2576
2578
2580
2584
2585
2586
2587
2590
2591
2592
2594
2595
2599
2601
2602
2603
2605
2606
2607
2608
2610
2615
2617
2618
2619
2620
2626
2630
2637
2638
2639
2640
2645
2647
2651
2652
2653
2654
2655
2656
2657
2659
2660
2661
2662
2664
2667
2669
2671
2672
2675
2678
2679
2680
2681
2683
2694
2696
2697
2698
2699
2702
2707
2708
2711
2712
2716
2717
2718
2723
2727
2731
2735
2741
2742
2743
2746
2747
2748
2750
2751
2756
2757
2758
2761
2762
2765
2767
2770
2773
2774
2776
2778
2780
2781
2782
2783
2785
2788
2791
2796
2797
2800
2803
2807
2809
2810
2811
2812
2813
2816
2820
2821
2822
2824
2825
2826
2827
2828
2831
2832
2834
2835
2838
2840
2841
2842
2845
2847
2848
2849
2851
2852
2853
2854
2856
2857
2858
2859
2861
2862
2865
2866
2870
2871
2872
2873
2874
2875
2876
2877
2878
2880
2881
2883
2886
2887
2888
2889
2891
2894
2895
2896
2898
2899
2901
2902
2904
2905
2908
2911
2912
2913
2914
2916
2917
2923
2924
2925
2927
2931
2932
2934
2935
2938
2940
2941
2942
2943
2944
2950
2951
2952
2953
2955
2956
2957
2959
2960
2961
2962
2964
2966
2967
2968
2969
2972
2977
2979
2984
2985
2986
2987
2989
2991
2992
2993
2996
2999
3000
3002
3006
3012
3015
3017
3018
3019
3020
3023
3024
3027
3028
3030
3032
3034
3035
3037
3038
3040
3041
3042
3043
3044
3045
3046
3047
3048
3051
3054
3055
3056
3057
3058
3059
3060
3061
3063
3064
3065
3066
3067
3071
3072
3073
3075
3078
3080
3085
3086
3087
3089
3090
3091
3092
3094
3095
3098
3099
3101
3102
3104
3107
3108
3109
3112
3113
3118
3121
3122
3123
3125
3126
3127
3130
3131
3132
3133
3134
3135
3136
3137
3138
3139
3141
3142
3143
3145
3146
3147
3148
3149
3150
3153
3154
3156
3158
3161
3165
3166
3169
3170
3172
3173
3175
3176
3178
3179
3180
3183
3185
3187
3188
3189
3195
3198
3200
3204
3206
3207
3215
3218
3220
3222
3225
3228
3229
3231
3233
3236
3237
3238
3239
3240
3241
3242
3246
3247
3250
3252
3256
3257
3259
3260
3262
3263
3264
3265
3268
3270
3271
3272
3274
3276
3278
3279
3283
3284
3286
3287
3288
3290
3291
3292
3294
3296
3297
3298
3300
3301
3303
3304
3305
3306
3309
3310
3311
3312
3313
3314
3317
3319
3320
3323
3324
3325
3326
3328
3329
3332
3334
3336
3338
3340
3342
3345
3346
3347
3348
3349
3350
3352
3355
3356
3357
3358
3359
3361
3363
3364
3368
3369
3370
3372
3373
3383
3384
3390
3392
3395
3399
3401
3402
3403
3405
3406
3413
3414
3415
3421
3423
3424
3426
3429
3430
3432
3435
3436
3439
3440
3441
3442
3443
3445
3447
3449
3450
3451
3457
3458
3459
3460
3463
3464
3465
3470
3475
3476
3478
3480
3481
3483
3484
3485
3486
3488
3490
3491
3493
3496
3503
3504
3506
3507
3508
3510
3511
3513
3515
3518
3522
3528
3529
3530
3531
3532
3534
3537
3539
3540
3541
3543
3551
3555
3556
3557
3563
3569
3579
3587
3590
3591
3600
3602
3607
3609
3613
3614
3616
3617
3618
3619
3621
3622
3628
3636
3638
3639
3641
3642
3644
3647
3649
3655
3658
3660
3661
3664
3665
3666
3667
3669
3671
3672
3674
3675
3680
3681
3683
3685
3687
3688
3689
3690
3692
3696
3700
3702
3703
3704
3708
3711
3712
3714
3716
3718
3719
3721
3725
3726
3727
3729
3731
3734
3737
3742
3744
3745
3747
3749
3751
3753
3755
3757
3758
3762
3763
3765
3767
3768
3769
3770
3771
3772
3773
3774
3775
3776
3778
3779
3781
3783
3784
3785
3787
3789
3790
3794
3796
3799
3801
3804
3805
3806
3807
3809
3813
3814
3815
3816
3817
3819
3820
3821
3825
3829
3830
3832
3834
3836
3837
3839
3842
3843
3844
3850
3858
3859
3860
3861
3862
3863
3864
3866
3870
3874
3875
3876
3877
3878
3879
3881
3884
3886
3887
3888
3891
3895
3896
3898
3899
3900
3902
3904
3905
3906
3911
3914
3915
3917
3918
3919
3920
3922
3923
3924
3925
3927
3930
3932
3933
3935
3936
3938
3939
3940
3941
3944
3945
3946
3947
3951
3953
3954
3955
3956
3958
3961
3962
3964
3965
3966
3968
3969
3970
3972
3973
3974
3975
3977
3978
3979
3982
3984
3986
3988
3991
3992
3993
3994
3999
4001
4005
4006
4011
4014
4017
4018
4022
4024
4025
4026
4027
4031
4032
4033
4034
4037
4038
4039
4041
4042
4043
4044
4045
4046
4047
4048
4049
4050
4052
4056
4057
4058
4060
4061
4062
4063
4066
4068
4069
4070
4071
4073
4074
4075
4078
4080
4082
4084
4085
4088
4090
4094
4097
4099
4100
4109
4112
4114
4118
4120
4122
4123
4124
4126
4127
4130
4131
4134
4135
4136
4142
4143
4144
4145
4146
4148
4153
4155
4157
4158
4159
4160
4161
4162
4164
4165
4166
4169
4170
4171
4172
4173
4174
4175
4176
4177
4178
4179
4180
4181
4183
4185
4186
4187
4188
4189
4190
4193
4195
4196
4197
4198
4200
4202
4203
4206
4207
4208
4209
4213
4215
4218
4220
4222
4223
4224
4226
4229
4231
4232
4234
4245
4250
4253
4255
4256
4257
4259
4261
4268
4270
4273
4274
4275
4276
4279
4280
4281
4282
4285
4286
4287
4288
4290
4292
4293
4298
4299
4300
4308
4310
4311
4314
4315
4318
4321
4323
4324
4325
4326
4327
4328
4329
4330
4332
4333
4335
4339
4340
4345
4346
4347
4349
4350
4351
4353
4356
4357
4358
4359
4366
4367
4369
4370
4371
4372
4374
4376
4377
4378
4379
4381
4383
4385
4386
4387
4389
4390
4392
4393
4395
4396
4397
4398
4399
4400
4401
4402
4407
4409
4410
4411
4412
4413
4415
4419
4420
4422
4423
4425
4427
4429
4430
4432
4433
4434
4435
4439
4441
4445
4449
4452
4453
4455
4456
4459
4460
4462
4466
4468
4471
4475
4476
4478
4482
4483
4492
4498
4500
4501
4502
4504
4505
4507
4509
4512
4515
4518
4519
4520
4524
4525
4526
4528
4530
4531
4532
4534
4535
4537
4538
4540
4541
4543
4544
4545
4546
4549
4553
4557
4559
4560
4565
4566
4568
4573
4575
4578
4582
4583
4585
4588
4589
4590
4591
4592
4593
4596
4598
4600
4601
4602
4603
4604
4605
4606
4607
4608
4611
4613
4614
4615
4616
4617
4619
4622
4624
4627
4629
4630
4631
4632
4633
4635
4636
4637
4638
4639
4640
4641
4642
4644
4646
4647
4651
4652
4654
4655
4656
4658
4659
4663
4665
4666
4669
4671
4675
4681
4684
4686
4687
4688
4689
4691
4698
4700
4705
4706
4707
4716
4719
4721
4725
4728
4731
4732
4734
4735
4743
4744
4753
4757
4760
4762
4770
4771
4773
4775
4776
4777
4779
4783
4784
4785
4788
4791
4792
4793
4794
4795
4796
4798
4799
4801
4803
4804
4806
4808
4809
4810
4811
4812
4813
4818
4819
4820
4821
4824
4831
4832
4838
4839
4841
4843
4845
4846
4847
4848
4849
4850
4851
4854
4857
4859
4860
4861
4862
4863
4864
4866
4867
4868
4870
4871
4873
4875
4879
4880
4881
4882
4883
4885
4889
4890
4891
4894
4895
4896
4898
4902
4904
4907
4908
4910
4912
4913
4914
4915
4916
4920
4921
4923
4925
4926
4927
4929
4930
4932
4936
4939
4940
4941
4942
4947
4948
4951
4952
4957
4958
4959
4960
4962
4963
4964
4969
4972
4974
4975
4976
4977
4978
4981
4982
4984
4986
4987
4988
4989
4990
4993
4994
4995
4996
4997
5002
5004
5005
5008
5009
5011
5017
5022
5028
5029
5031
5036
5037
5038
5039
5040
5041
5042
5043
5045
5046
5047
5048
5050
5051
5052
5053
5056
5057
5058
5059
5061
5062
5063
5064
5065
5069
5071
5072
5073
5074
5075
5076
5077
5079
5080
5081
5082
5084
5085
5086
5087
5088
5090
5091
5093
5095
5096
5097
5100
5101
5102
5103
5104
5105
5107
5109
5110
5111
5113
5115
5117
5119
5120
5123
5124
5125
5128
5130
5131
5132
5134
5135
5137
5139
5141
5145
5147
5149
5150
5151
5154
5155
5156
5157
5158
5160
5161
5163
5164
5165
5167
5168
5169
5172
5176
5177
5181
5184
5188
5190
5192
5195
5196
5197
5198
5199
5202
5204
5206
5207
5213
5214
5219
5221
5222
5225
5226
5227
5228
5229
5232
5233
5236
5238
5242
5243
5244
5246
5247
5248
5250
5251
5252
5253
5254
5257
5258
5261
5262
5264
5272
5274
5275
5277
5280
5281
5284
5286
5288
5290
5297
5299
5301
5303
5304
5307
5308
5310
5312
5313
5314
5316
5318
5323
5325
5326
5327
5329
5330
5333
5337
5338
5340
5341
5342
5344
5345
5347
5348
5353
5355
5358
5360
5364
5365
5366
5368
5369
5372
5374
5377
5379
5380
5381
5382
5383
5387
5389
5391
5392
5393
5394
5395
5397
5398
5399
5401
5402
5404
5406
5407
5408
5409
5410
5411
5412
5413
5415
5417
5418
5426
5427
5428
5429
5430
5432
5433
5436
5437
5438
5439
5440
5441
5442
5444
5445
5446
5447
5448
5449
5450
5454
5455
5456
5460
5461
5464
5465
5466
5467
5468
5469
5471
5473
5474
5475
5478
5480
5481
5482
5483
5484
5485
5487
5488
5490
5491
5492
5493
5494
5495
5496
5497
5498
5500
5502
5504
5505
5506
5507
5508
5509
5510
5514
5518
5525
5526
5529
5531
5532
5534
5535
5537
5538
5540
5543
5544
5545
5546
5548
5549
5550
5551
5552
5553
5554
5556
5557
5558
5559
5560
5561
5563
5564
5565
5568
5569
5571
5575
5580
5581
5582
5583
5584
5585
5586
5587
5589
5590
5592
5593
5594
5596
5599
5602
5603
5604
5605
5606
5607
5608
5609
5610
5612
5614
5616
5617
5619
5620
5621
5622
5624
5625
5630
5631
5632
5633
5634
5636
5637
5638
5639
5640
5641
5646
5649
5650
5651
5652
5654
5656
5657
5659
5662
5664
5666
5667
5668
5670
5674
5676
5677
5678
5679
5687
5691
5697
5699
5701
5703
5706
5707
5708
5710
5711
5712
5715
5716
5717
5720
5721
5724
5731
5734
5735
5736
5737
5739
5742
5748
5753
5754
5756
5757
5758
5759
5760
5762
5766
5767
5769
5770
5771
5772
5773
5776
5777
5780
5781
5787
5788
5789
5790
5792
5793
5794
5796
5798
5800
5801
5803
5804
5806
5807
5809
5811
5812
5814
5815
5816
5817
5819
5820
5821
5823
5825
5826
5827
5828
5832
5833
5834
5835
5838
5841
5842
5843
5846
5848
5850
5851
5852
5853
5854
5856
5857
5860
5861
5864
5865
5866
5867
5868
5869
5870
5872
5874
5875
5882
5886
5889
5890
5892
5893
5894
5895
5896
5897
5898
5899
5900
5901
5902
5904
5905
5906
5907
5908
5909
5911
5912
5913
5916
5917
5919
5923
5924
5925
5928
5930
5931
5933
5935
5936
5938
5939
5940
5941
5943
5944
5946
5947
5948
5949
5951
5952
5954
5956
5960
5961
5962
5963
5964
5965
5967
5968
5971
5974
5975
5978
5981
5983
5984
5985
5986
5987
5989
5991
5992
5993
5994
5995
5996
5997
6000
6003
6009
6010
6012
6014
6020
6021
6022
6026
6027
6031
6033
6039
6040
6041
6042
6048
6052
6054
6056
6057
6060
6062
6066
6071
6072
6076
6078
6080
6083
6086
6087
6088
6090
6092
6093
6094
6095
6097
6099
6101
6104
6105
6109
6111
6114
6115
6116
6118
6119
6120
6122
6123
6124
6125
6126
6128
6129
6130
6135
6139
6141
6142
6143
6144
6145
6146
6147
6148
6149
6150
6151
6152
6155
6156
6158
6162
6164
6166
6167
6168
6169
6170
6173
6174
6175
6176
6177
6178
6186
6190
6191
6197
6198
6199
6201
6204
6205
6208
6209
6210
6211
6213
6214
6215
6216
6217
6218
6219
6220
6222
6223
6224
6227
6228
6229
6230
6231
6234
6235
6238
6239
6243
6244
6245
6247
6251
6252
6253
6254
6255
6259
6261
6266
6268
6269
6273
6274
6275
6277
6278
6285
6288
6290
6291
6292
6293
6299
6300
6301
6303
6304
6305
6306
6308
6310
6311
6314
6320
6321
6323
6324
6325
6327
6329
6330
6332
6336
6337
6339
6340
6342
6346
6347
6351
6354
6355
6358
6360
6361
6363
6368
6369
6374
6376
6377
6382
6385
6387
6389
6393
6395
6399
6401
6402
6403
6404
6405
6406
6407
6408
6410
6411
6413
6414
6415
6416
6418
6419
6420
6427
6433
6436
6439
6440
6442
6444
6446
6450
6451
6452
6453
6454
6456
6457
6458
6459
6463
6464
6469
6470
6471
6474
6477
6478
6481
6482
6484
6486
6487
6488
6493
6494
6496
6500
6502
6503
6506
6508
6509
6510
6512
6513
6515
6519
6520
6523
6524
6525
6526
6527
6529
6530
6532
6533
6534
6537
6538
6541
6543
6545
6546
6547
6550
6556
6560
6562
6563
6564
6565
6566
6567
6569
6574
6575
6576
6579
6580
6583
6584
6586
6588
6589
6590
6594
6597
6599
6602
6603
6607
6610
6611
6615
6617
6618
6620
6621
6622
6625
6627
6629
6631
6632
6633
6635
6638
6639
6640
6641
6642
6643
6644
6645
6646
6647
6650
6651
6652
6653
6656
6657
6658
6659
6664
6665
6667
6669
6670
6672
6673
6680
6681
6687
6688
6689
6690
6695
6696
6698
6699
6701
6702
6704
6705
6707
6709
6710
6712
6714
6715
6716
6718
6719
6720
6721
6723
6724
6725
6727
6728
6729
6730
6734
6735
6736
6737
6739
6742
6743
6745
6746
6747
6748
6749
6751
6752
6753
6756
6758
6759
6760
6762
6766
6767
6770
6771
6774
6776
6778
6779
6781
6786
6787
6790
6791
6795
6800
6805
6806
6810
6812
6814
6815
6818
6821
6823
6826
6827
6833
6834
6835
6841
6843
6844
6845
6846
6848
6850
6851
6855
6857
6860
6861
6862
6863
6864
6865
6866
6867
6869
6870
6871
6876
6878
6879
6880
6881
6882
6883
6884
6885
6887
6888
6889
6893
6894
6895
6897
6898
6903
6904
6905
6906
6907
6909
6910
6911
6912
6914
6915
6918
6919
6920
6922
6930
6939
6941
6942
6944
6945
6946
6947
6948
6951
6952
6953
6954
6959
6961
6962
6963
6965
6966
6968
6969
6970
6971
6972
6973
6974
6975
6980
6981
6982
6983
6988
6989
6991
6992
6996
6998
6999
7002
7005
7006
7007
7009
7012
7013
7015
7017
7018
7020
7022
7024
7031
7032
7033
7035
7036
7038
7041
7042
7044
7046
7047
7050
7051
7052
7053
7055
7056
7058
7063
7064
7067
7068
7069
7070
7073
7074
7076
7077
7078
7080
7085
7087
7089
7090
7091
7092
7093
7096
7097
7098
7099
7102
7104
7106
7111
7112
7115
7116
7118
7121
7125
7126
7127
7128
7130
7131
7135
7137
7138
7139
7140
7142
7143
7144
7146
7149
7151
7158
7161
7163
7168
7171
7174
7177
7181
7187
7188
7189
7190
7191
7194
7195
7199
7201
7203
7205
7206
7207
7210
7211
7213
7214
7218
7220
7222
7224
7225
7226
7227
7228
7229
7230
7237
7238
7239
7242
7248
7254
7259
7261
7264
7265
7266
7268
7271
7273
7275
7279
7280
7281
7282
7285
7286
7287
7289
7291
7293
7295
7296
7297
7298
7300
7302
7303
7305
7307
7309
7310
7312
7314
7316
7319
7322
7324
7325
7327
7329
7330
7331
7332
7334
7335
7336
7337
7342
7343
7345
7347
7348
7351
7352
7353
7354
7357
7360
7361
7364
7367
7368
7371
7373
7376
7378
7380
7382
7387
7388
7390
7391
7394
7396
7397
7398
7399
7401
7402
7403
7404
7410
7411
7414
7416
7419
7423
7424
7425
7426
7427
7428
7429
7430
7432
7433
7434
7435
7436
7439
7440
7444
7445
7446
7447
7448
7449
7451
7454
7456
7457
7459
7460
7461
7462
7463
7464
7465
7469
7470
7473
7474
7475
7476
7478
7482
7483
7484
7485
7487
7489
7490
7492
7494
7495
7497
7498
7500
7506
7508
7509
7511
7513
7514
7516
7518
7519
7520
7523
7528
7529
7530
7532
7533
7535
7536
7538
7539
7540
7542
7545
7546
7548
7549
7551
7552
7553
7555
7557
7562
7568
7570
7573
7582
7585
7593
7594
7595
7596
7598
7602
7604
7605
7607
7608
7611
7616
7623
7624
7626
7628
7629
7630
7635
7638
7639
7641
7643
7644
7645
7649
7650
7651
7653
7654
7655
7656
7658
7661
7662
7671
7673
7674
7676
7679
7681
7682
7683
7684
7687
7688
7690
7691
7692
7693
7694
7697
7698
7700
7702
7703
7704
7705
7706
7707
7708
7709
7710
7711
7712
7713
7714
7715
7716
7717
7722
7725
7727
7730
7736
7738
7741
7743
7745
7746
7749
7757
7758
7761
7766
7767
7768
7770
7776
7777
7778
7785
7787
7789
7790
7791
7795
7797
7805
7806
7807
7808
7810
7813
7815
7818
7820
7822
7823
7825
7827
7830
7831
7832
7837
7841
7848
7849
7850
7852
7855
7856
7857
7861
7863
7869
7870
7874
7877
7880
7883
7884
7892
7893
7895
7896
7898
7899
7900
7902
7906
7909
7911
7912
7913
7914
7918
7919
7920
7922
7923
7924
7928
7930
7931
7933
7935
7936
7939
7942
7949
7951
7952
7953
7954
7955
7956
7963
7964
7969
7970
7971
7978
7979
7982
7985
7986
7987
7990
7992
7993
7995
7997
7998
8000
8001
8002
8006
8007
8009
8010
8013
8015
8016
8018
8019
8021
8024
8025
8028
8029
8030
8031
8033
8035
8037
8039
8042
8045
8046
8048
8049
8050
8052
8053
8054
8057
8059
8060
8062
8065
8067
8071
8076
8077
8078
8079
8080
8082
8083
8084
8085
8088
8090
8092
8093
8095
8096
8097
8099
8100
8101
8103
8106
8111
8118
8120
8121
8122
8123
8126
8127
8129
8130
8131
8132
8135
8137
8138
8140
8144
8145
8146
8147
8149
8151
8153
8154
8155
8156
8157
8158
8160
8161
8162
8163
8164
8168
8169
8170
8173
8176
8178
8179
8180
8181
8182
8183
8184
8185
8187
8188
8189
8192
8196
8197
8198
8199
8200
8201
8203
8205
8207
8208
8215
8219
8220
8221
8226
8227
8231
8232
8235
8240
8242
8244
8245
8247
8249
8250
8254
8257
8258
8259
8260
8262
8267
8268
8271
8272
8274
8275
8276
8279
8280
8288
8291
8293
8295
8296
8300
8305
8307
8310
8311
8312
8315
8321
8322
8323
8325
8326
8327
8330
8331
8334
8335
8336
8342
8345
8346
8348
8350
8353
8354
8355
8356
8357
8358
8359
8360
8362
8364
8365
8366
8367
8369
8371
8372
8380
8382
8383
8384
8385
8386
8387
8391
8392
8393
8394
8395
8398
8400
8403
8404
8405
8406
8407
8408
8412
8413
8415
8417
8419
8423
8426
8427
8428
8429
8431
8433
8436
8442
8445
8449
8450
8451
8453
8457
8459
8460
8461
8462
8463
8466
8468
8469
8470
8472
8473
8474
8475
8477
8478
8479
8482
8483
8484
8485
8487
8488
8489
8490
8491
8492
8493
8495
8498
8499
8501
8502
8503
8504
8505
8506
8507
8509
8510
8511
8512
8513
8514
8515
8516
8517
8518
8520
8521
8523
8524
8525
8526
8527
8528
8532
8535
8539
8540
8544
8552
8554
8555
8558
8560
8561
8562
8563
8564
8565
8568
8569
8570
8573
8576
8578
8580
8581
8582
8584
8586
8587
8589
8590
8594
8595
8596
8597
8598
8600
8601
8602
8603
8604
8607
8609
8611
8612
8617
8618
8620
8623
8624
8626
8627
8629
8631
8634
8639
8640
8643
8647
8649
8650
8652
8653
8654
8659
8660
8661
8662
8663
8664
8665
8666
8667
8669
8670
8671
8675
8676
8677
8678
8679
8680
8681
8685
8686
8687
8688
8689
8690
8691
8692
8693
8697
8699
8703
8704
8705
8706
8707
8709
8713
8714
8716
8718
8719
8720
8721
8722
8723
8725
8726
8729
8730
8731
8732
8733
8737
8738
8739
8743
8744
8745
8747
8750
8752
8755
8756
8757
8758
8759
8764
8766
8771
8772
8773
8774
8779
8780
8781
8783
8784
8785
8788
8789
8791
8792
8798
8799
8804
8805
8809
8810
8811
8816
8817
8818
8822
8823
8828
8829
8830
8833
8834
8838
8839
8842
8844
8845
8846
8847
8848
8851
8853
8856
8859
8861
8866
8867
8868
8869
8870
8878
8879
8881
8883
8885
8886
8888
8889
8892
8894
8896
8897
8898
8899
8900
8901
8902
8904
8905
8907
8910
8913
8915
8918
8920
8923
8925
8927
8929
8930
8931
8933
8934
8935
8936
8937
8938
8939
8942
8943
8945
8947
8948
8949
8954
8956
8957
8960
8961
8971
8973
8974
8975
8977
8978
8985
8986
8991
8992
8993
8996
8998
8999
9009
9010
9011
9014
9015
9017
9020
9021
9022
9023
9025
9027
9028
9029
9035
9039
9041
9042
9043
9044
9046
9051
9053
9056
9057
9061
9062
9063
9064
9065
9067
9069
9071
9072
9080
9082
9084
9087
9090
9091
9092
9094
9100
9101
9102
9103
9104
9106
9107
9108
9109
9111
9112
9115
9122
9124
9134
9136
9137
9138
9139
9140
9141
9142
9145
9147
9150
9151
9152
9153
9154
9156
9157
9158
9159
9160
9164
9165
9166
9167
9168
9172
9174
9175
9176
9177
9178
9179
9180
9181
9184
9187
9190
9192
9193
9199
9201
9202
9204
9205
9206
9207
9209
9210
9212
9213
9214
9219
9221
9223
9224
9226
9227
9229
9230
9231
9232
9235
9236
9237
9238
9239
9240
9242
9243
9244
9246
9247
9248
9249
9252
9254
9259
9260
9262
9263
9265
9268
9269
9270
9271
9273
9275
9276
9277
9279
9281
9284
9285
9286
9288
9289
9292
9294
9295
9296
9297
9298
9300
9303
9304
9306
9307
9310
9312
9314
9316
9317
9318
9321
9322
9325
9328
9331
9332
9334
9336
9339
9340
9342
9347
9349
9350
9351
9354
9355
9356
9357
9359
9360
9369
9370
9371
9372
9373
9374
9375
9377
9378
9379
9380
9381
9382
9384
9386
9387
9392
9399
9403
9405
9406
9407
9408
9410
9415
9416
9421
9424
9425
9426
9428
9429
9431
9433
9434
9435
9437
9439
9442
9446
9448
9451
9452
9454
9455
9456
9461
9463
9464
9465
9466
9467
9468
9469
9471
9474
9476
9478
9481
9484
9488
9489
9491
9492
9493
9495
9496
9499
9502
9503
9505
9507
9508
9510
9514
9515
9516
9518
9522
9524
9525
9527
9529
9531
9535
9537
9538
9539
9542
9545
9546
9547
9551
9553
9557
9558
9559
9560
9562
9563
9564
9567
9569
9574
9576
9577
9578
9579
9580
9583
9589
9590
9592
9593
9594
9597
9599
9601
9602
9605
9608
9609
9611
9612
9615
9620
9622
9625
9630
9632
9636
9644
9645
9652
9653
9654
9659
9660
9664
9667
9668
9671
9672
9673
9675
9680
9683
9684
9688
9690
9692
9693
9697
9700
9702
9704
9705
9709
9712
9713
9717
9718
9719
9722
9723
9729
9730
9732
9736
9738
9740
9742
9743
9745
9747
9755
9758
9760
9764
9767
9769
9770
9773
9774
9775
9776
9777
9779
9780
9783
9784
9785
9788
9790
9793
9794
9795
9796
9797
9798
9801
9803
9805
9806
9807
9809
9810
9813
9815
9817
9821
9823
9824
9829
9831
9832
9833
9835
9836
9837
9838
9839
9846
9847
9848
9849
9850
9852
9855
9858
9859
9861
9865
9873
9876
9878
9882
9885
9887
9888
9894
9898
9900
9904
9906
9909
9910
9912
9913
9914
9916
9918
9921
9922
9923
9924
9926
9927
9933
9934
9935
9936
9941
9942
9944
9945
9946
9947
9948
9949
9950
9951
9952
9953
9956
9960
9962
9964
9972
9973
9977
9980
9987
9989
9990
9995
9997
9998
9999
10000
10001
10003
10008
10011
10015
10016
10017
10021
10022
10025
10033
10034
10038
10039
10045
10052
10053
10055
10058
10059
10062
10066
10067
10069
10072
10073
10074
10079
10081
10083
10084
10086
10088
10090
10093
10095
10098
10103
10105
10111
10113
10114
10117
10118
10119
10120
10123
10129
10132
10136
10137
10138
10140
10141
10147
10149
10154
10155
10156
10157
10158
10160
10163
10168
10170
10171
10175
10176
10178
10180
10183
10184
10188
10193
10195
10196
10199
10200
10201
10202
10203
10204
10205
10207
10209
10213
10216
10217
10218
10221
10225
10227
10230
10232
10233
10236
10237
10239
10241
10243
10245
10246
10247
10252
10261
10263
10265
10269
10271
10279
10281
10282
10285
10286
10287
10292
10294
10295
10296
10299
10301
10308
10312
10313
10314
10315
10322
10323
10327
10329
10331
10333
10338
10340
10345
10351
